[gd_scene load_steps=39 format=3 uid="uid://boecaqp23n3xw"]

[ext_resource type="Script" path="res://scripts/level_bombomb_battlefield.gd" id="1_kacpb"]
[ext_resource type="Texture2D" uid="uid://dksq0no6ruj7x" path="res://images/serene.png" id="2_gkka1"]
[ext_resource type="AudioStream" uid="uid://bjbn6g1w44hva" path="res://sounds/sfx/sm64_mario_so_long_bowser.wav" id="2_vtt5x"]
[ext_resource type="Texture2D" uid="uid://dbke37kcnwa4f" path="res://images/bobomb_battlefield_skybox.png" id="3_xehn5"]
[ext_resource type="PackedScene" uid="uid://bxkahlktkuwn8" path="res://scenes/camera.tscn" id="4_60131"]
[ext_resource type="PackedScene" uid="uid://dd5mdk6ah7gyy" path="res://scenes/player_ball.tscn" id="5_qf3jj"]
[ext_resource type="PackedScene" uid="uid://c4lkpgs5n4ah" path="res://scenes/player_body.tscn" id="6_gdlnw"]
[ext_resource type="PackedScene" uid="uid://joy54ja7xrci" path="res://models/whomp_fortress.tscn" id="8_og1xm"]
[ext_resource type="Script" path="res://scripts/DeathBarrier.gd" id="8_omcxw"]
[ext_resource type="PackedScene" uid="uid://cehj1bih32m3" path="res://scenes/objects/object_1_mm.tscn" id="10_xj7qu"]
[ext_resource type="PackedScene" uid="uid://yvkba3a63x6a" path="res://scenes/movement_cycle.tscn" id="11_x47hl"]
[ext_resource type="PackedScene" uid="uid://daxm5xcrxubc1" path="res://scenes/objects/object_1_m_alt.tscn" id="12_8u4ne"]
[ext_resource type="PackedScene" uid="uid://df1bkek1e4epy" path="res://scenes/objects/object_5_m.tscn" id="13_ti07b"]
[ext_resource type="PackedScene" uid="uid://034hmx3sripa" path="res://scenes/movement_rotate.tscn" id="14_b8jck"]
[ext_resource type="PackedScene" uid="uid://bvet7e5ig3yu3" path="res://scenes/objects/object_1_dam_alt.tscn" id="15_0m6sr"]
[ext_resource type="PackedScene" uid="uid://bef0esnvcs1mp" path="res://scenes/objects/object_1_dam.tscn" id="16_w0twa"]
[ext_resource type="PackedScene" uid="uid://c052nfm1sx7kx" path="res://scenes/objects/object_5m_alt.tscn" id="17_xqi1h"]
[ext_resource type="PackedScene" uid="uid://6vnmlukvppuc" path="res://scenes/doodads/wf_bigguy.tscn" id="18_gl3i0"]
[ext_resource type="PackedScene" uid="uid://c7h23we2q16hj" path="res://scenes/objects/object_1_cm.tscn" id="19_t6dhd"]
[ext_resource type="PackedScene" uid="uid://drjvkmcsejq5i" path="res://scenes/objects/object_1_cm_alt.tscn" id="20_tixxf"]
[ext_resource type="PackedScene" uid="uid://b75ihekgi3w22" path="res://scenes/objects/object_1_dm_alt.tscn" id="21_g6yui"]
[ext_resource type="PackedScene" uid="uid://ctgrun28jgyyb" path="res://scenes/objects/object_1_dm.tscn" id="22_eb5oj"]
[ext_resource type="PackedScene" uid="uid://c57uq3i8yjq0w" path="res://scenes/objects/object_5_hm.tscn" id="23_4ou20"]
[ext_resource type="PackedScene" uid="uid://dkf6f0gdr1uya" path="res://scenes/objects/object_5_dm.tscn" id="24_xhps2"]
[ext_resource type="PackedScene" uid="uid://dkqx44u0fbrnj" path="res://scenes/objects/object_5_mm.tscn" id="25_qubwa"]
[ext_resource type="PackedScene" uid="uid://dsny488ayc6uj" path="res://scenes/objects/object_5_mm_alt.tscn" id="26_mm0vv"]
[ext_resource type="PackedScene" uid="uid://b8v5xsq5b1f2" path="res://scenes/objects/object_1_m.tscn" id="27_tthpb"]
[ext_resource type="PackedScene" uid="uid://bltr2vplie1op" path="res://scenes/objects/object_1_hm.tscn" id="28_rpjtn"]
[ext_resource type="PackedScene" uid="uid://bitqhfbljckp7" path="res://scenes/objects/object_5_dam_alt.tscn" id="29_v8wj3"]
[ext_resource type="PackedScene" uid="uid://upmop1gu76tj" path="res://scenes/objects/object_5_cm_alt.tscn" id="30_47yup"]
[ext_resource type="PackedScene" uid="uid://d3sn32modvjkr" path="res://scenes/objects/object_1_km.tscn" id="31_pmdpb"]
[ext_resource type="PackedScene" uid="uid://xuyfc2ntk4qf" path="res://scenes/objects/object_5_cm.tscn" id="32_0lv7n"]
[ext_resource type="PackedScene" uid="uid://cx1klhvcgvtqe" path="res://scenes/objects/object_5_dam.tscn" id="33_p3jdj"]
[ext_resource type="PackedScene" uid="uid://n4501rfc7uo" path="res://scenes/objects/king_whomp_10_km.tscn" id="34_5pgo6"]

[sub_resource type="PanoramaSkyMaterial" id="PanoramaSkyMaterial_ky2v0"]
panorama = ExtResource("3_xehn5")

[sub_resource type="Sky" id="Sky_2pmgv"]
sky_material = SubResource("PanoramaSkyMaterial_ky2v0")

[sub_resource type="Environment" id="Environment_brvlw"]
background_mode = 2
sky = SubResource("Sky_2pmgv")
sky_rotation = Vector3(0, -6.28319, 0)

[sub_resource type="BoxShape3D" id="BoxShape3D_6nlkw"]
size = Vector3(10000, 100, 10000)

[node name="LevelWhompsFortress" type="Node3D" node_paths=PackedStringArray("player")]
script = ExtResource("1_kacpb")
player = NodePath("PlayerBall")
myLevelId = 1

[node name="sfx_solongbowser" type="AudioStreamPlayer" parent="."]
stream = ExtResource("2_vtt5x")

[node name="SereneText" type="Sprite3D" parent="."]
transform = Transform3D(15, 0, 0, 0, -6.55671e-07, 15, 0, -15, -6.55671e-07, 0, -886.75, 125)
texture = ExtResource("2_gkka1")

[node name="SereneText2" type="Sprite3D" parent="."]
transform = Transform3D(10.6066, -10.6066, -4.63629e-07, 2.32941e-21, -6.55671e-07, 15, -10.6066, -10.6066, -4.63629e-07, 188, -886.75, 35.5)
texture = ExtResource("2_gkka1")

[node name="SereneText3" type="Sprite3D" parent="."]
transform = Transform3D(10.6066, 10.6066, 4.63629e-07, 2.32941e-21, -6.55671e-07, 15, 10.6066, -10.6066, -4.63629e-07, -202.75, -886.75, 47.25)
texture = ExtResource("2_gkka1")

[node name="SereneText4" type="Sprite3D" parent="."]
transform = Transform3D(-10.6066, 10.6066, 4.63629e-07, 2.32941e-21, -6.55671e-07, 15, 10.6066, 10.6066, 4.63629e-07, -207.75, -886.75, -156)
texture = ExtResource("2_gkka1")

[node name="SereneText5" type="Sprite3D" parent="."]
transform = Transform3D(-10.6066, -10.6066, -4.63629e-07, 2.32941e-21, -6.55671e-07, 15, -10.6066, 10.6066, 4.63629e-07, 167.25, -886.75, -176.75)
texture = ExtResource("2_gkka1")

[node name="SereneText6" type="Sprite3D" parent="."]
transform = Transform3D(-15, 0, -2.27374e-13, 2.32941e-21, -6.55671e-07, 15, 0, 15, 6.55671e-07, -1.75, -886.75, -233)
texture = ExtResource("2_gkka1")

[node name="WorldEnvironment" type="WorldEnvironment" parent="."]
environment = SubResource("Environment_brvlw")

[node name="RespawnPoint" type="Node3D" parent="."]
transform = Transform3D(1, 0, 0, 0, 1, 0, 0, 0, 1, 161.25, 31, 368)

[node name="Camera" parent="." node_paths=PackedStringArray("player") instance=ExtResource("4_60131")]
process_mode = 1
transform = Transform3D(1, 0, 0, 0, 1, 0, 0, 0, 1, 0, 4.14829, 257.615)
player = NodePath("../PlayerBall")

[node name="PlayerBall" parent="." node_paths=PackedStringArray("myCamera") instance=ExtResource("5_qf3jj")]
process_mode = 1
transform = Transform3D(-4.37114e-08, 0, -1, 0, 1, 0, 1, 0, -4.37114e-08, 162.25, 41.8983, 373.116)
myCamera = NodePath("../Camera")

[node name="PlayerBody" parent="PlayerBall" instance=ExtResource("6_gdlnw")]
transform = Transform3D(1, 0, 0, 0, 1, 0, 0, 0, 1, 0, -1, -2)
visible = false

[node name="DirectionalLight3D" type="DirectionalLight3D" parent="."]
process_mode = 1
transform = Transform3D(-0.299425, 0.840486, 0.451583, -0.385255, -0.539503, 0.748676, 0.872882, 0.0501977, 0.485342, 171.75, 453.676, 320.752)

[node name="DeathBarrier" type="Area3D" parent="."]
transform = Transform3D(1, 0, 0, 0, 1, 0, 0, 0, 1, 0, -56.5, 0)
collision_layer = 0
collision_mask = 2
script = ExtResource("8_omcxw")

[node name="CollisionShape3D" type="CollisionShape3D" parent="DeathBarrier"]
shape = SubResource("BoxShape3D_6nlkw")

[node name="CollisionShape3D7" type="CollisionShape3D" parent="DeathBarrier"]
transform = Transform3D(1, 0, 0, 0, 1, 0, 0, 0, 1, 0, 1255.75, 0)
shape = SubResource("BoxShape3D_6nlkw")

[node name="whomp_fortress" parent="." instance=ExtResource("8_og1xm")]
transform = Transform3D(0.66, 0, 0, 0, 0.66, 0, 0, 0, 0.66, 154.25, 0, 420.75)

[node name="Object1mm" parent="." instance=ExtResource("10_xj7qu")]
transform = Transform3D(1, 0, 0, 0, 1, 0, 0, 0, 1, 200.75, 13.75, 399)

[node name="MovementCycle" parent="Object1mm" instance=ExtResource("11_x47hl")]
walkSpeed = 10.0
restTimer = 0
destNodes = Array[Vector3]([Vector3(200.75, 13.75, 352.25), Vector3(200.75, 13.75, 386.75)])

[node name="Object1mm19" parent="." instance=ExtResource("10_xj7qu")]
transform = Transform3D(1, 0, 0, 0, 1, 0, 0, 0, 1, 228.5, 13.75, 399.25)

[node name="MovementRotate" parent="Object1mm19" instance=ExtResource("14_b8jck")]

[node name="Object1mm20" parent="." instance=ExtResource("10_xj7qu")]
transform = Transform3D(-0.965926, 0, -0.258819, 0, 1, 0, 0.258819, 0, -0.965926, 228.5, 13.75, 398.25)

[node name="MovementRotate" parent="Object1mm20" instance=ExtResource("14_b8jck")]

[node name="Object1mm21" parent="." instance=ExtResource("10_xj7qu")]
transform = Transform3D(-0.965926, 0, -0.258819, 0, 1, 0, 0.258819, 0, -0.965926, 227.5, 13.75, 398.75)

[node name="MovementRotate" parent="Object1mm21" instance=ExtResource("14_b8jck")]

[node name="Object1mm22" parent="." instance=ExtResource("10_xj7qu")]
transform = Transform3D(1, 0, 0, 0, 1, 0, 0, 0, 1, 218.75, 13.75, 367)

[node name="MovementRotate" parent="Object1mm22" instance=ExtResource("14_b8jck")]

[node name="Object1mm23" parent="." instance=ExtResource("10_xj7qu")]
transform = Transform3D(-0.965926, 0, -0.258819, 0, 1, 0, 0.258819, 0, -0.965926, 218.75, 13.75, 366)

[node name="MovementRotate" parent="Object1mm23" instance=ExtResource("14_b8jck")]

[node name="Object1mm24" parent="." instance=ExtResource("10_xj7qu")]
transform = Transform3D(-0.965926, 0, -0.258819, 0, 1, 0, 0.258819, 0, -0.965926, 217.75, 13.75, 366.5)

[node name="MovementRotate" parent="Object1mm24" instance=ExtResource("14_b8jck")]

[node name="Object1mm25" parent="." instance=ExtResource("10_xj7qu")]
transform = Transform3D(1, 0, 0, 0, 1, 0, 0, 0, 1, 155.75, 13.75, 367)

[node name="MovementRotate" parent="Object1mm25" instance=ExtResource("14_b8jck")]

[node name="Object1mm26" parent="." instance=ExtResource("10_xj7qu")]
transform = Transform3D(-0.965926, 0, -0.258819, 0, 1, 0, 0.258819, 0, -0.965926, 155.75, 13.75, 366)

[node name="MovementRotate" parent="Object1mm26" instance=ExtResource("14_b8jck")]

[node name="Object1mm27" parent="." instance=ExtResource("10_xj7qu")]
transform = Transform3D(-0.965926, 0, -0.258819, 0, 1, 0, 0.258819, 0, -0.965926, 154.75, 13.75, 366.5)

[node name="MovementRotate" parent="Object1mm27" instance=ExtResource("14_b8jck")]

[node name="Object1mm28" parent="." instance=ExtResource("10_xj7qu")]
transform = Transform3D(1, 0, 0, 0, 1, 0, 0, 0, 1, 155.75, 13.75, 399.25)

[node name="MovementRotate" parent="Object1mm28" instance=ExtResource("14_b8jck")]

[node name="Object1mm29" parent="." instance=ExtResource("10_xj7qu")]
transform = Transform3D(-0.965926, 0, -0.258819, 0, 1, 0, 0.258819, 0, -0.965926, 155.75, 13.75, 398.25)

[node name="MovementRotate" parent="Object1mm29" instance=ExtResource("14_b8jck")]

[node name="Object1mm30" parent="." instance=ExtResource("10_xj7qu")]
transform = Transform3D(-0.965926, 0, -0.258819, 0, 1, 0, 0.258819, 0, -0.965926, 154.75, 13.75, 398.75)

[node name="MovementRotate" parent="Object1mm30" instance=ExtResource("14_b8jck")]

[node name="Object1mm31" parent="." instance=ExtResource("10_xj7qu")]
transform = Transform3D(1, 0, 0, 0, 1, 0, 0, 0, 1, 257, 13.75, 410.25)

[node name="MovementRotate" parent="Object1mm31" instance=ExtResource("14_b8jck")]

[node name="Object1mm32" parent="." instance=ExtResource("10_xj7qu")]
transform = Transform3D(-0.965926, 0, -0.258819, 0, 1, 0, 0.258819, 0, -0.965926, 257, 13.75, 409.25)

[node name="MovementRotate" parent="Object1mm32" instance=ExtResource("14_b8jck")]

[node name="Object1mm33" parent="." instance=ExtResource("10_xj7qu")]
transform = Transform3D(-0.965926, 0, -0.258819, 0, 1, 0, 0.258819, 0, -0.965926, 256, 13.75, 409.75)

[node name="MovementRotate" parent="Object1mm33" instance=ExtResource("14_b8jck")]

[node name="Object1mm34" parent="." instance=ExtResource("10_xj7qu")]
transform = Transform3D(1, 0, 0, 0, 1, 0, 0, 0, 1, 281.75, 13.75, 390.5)

[node name="MovementRotate" parent="Object1mm34" instance=ExtResource("14_b8jck")]

[node name="Object1mm35" parent="." instance=ExtResource("10_xj7qu")]
transform = Transform3D(-0.965926, 0, -0.258819, 0, 1, 0, 0.258819, 0, -0.965926, 281.75, 13.75, 389.5)

[node name="MovementRotate" parent="Object1mm35" instance=ExtResource("14_b8jck")]

[node name="Object1mm36" parent="." instance=ExtResource("10_xj7qu")]
transform = Transform3D(-0.965926, 0, -0.258819, 0, 1, 0, 0.258819, 0, -0.965926, 280.75, 13.75, 390)

[node name="MovementRotate" parent="Object1mm36" instance=ExtResource("14_b8jck")]

[node name="Object1mm37" parent="." instance=ExtResource("10_xj7qu")]
transform = Transform3D(1, 0, 0, 0, 1, 0, 0, 0, 1, 283.75, 13.75, 334)

[node name="MovementRotate" parent="Object1mm37" instance=ExtResource("14_b8jck")]

[node name="Object1mm38" parent="." instance=ExtResource("10_xj7qu")]
transform = Transform3D(-0.965926, 0, -0.258819, 0, 1, 0, 0.258819, 0, -0.965926, 283.75, 13.75, 333)

[node name="MovementRotate" parent="Object1mm38" instance=ExtResource("14_b8jck")]

[node name="Object1mm39" parent="." instance=ExtResource("10_xj7qu")]
transform = Transform3D(-0.965926, 0, -0.258819, 0, 1, 0, 0.258819, 0, -0.965926, 282.75, 13.75, 333.5)

[node name="MovementRotate" parent="Object1mm39" instance=ExtResource("14_b8jck")]

[node name="Object1mm40" parent="." instance=ExtResource("10_xj7qu")]
transform = Transform3D(1, 0, 0, 0, 1, 0, 0, 0, 1, 229, 13.75, 345.5)

[node name="MovementRotate" parent="Object1mm40" instance=ExtResource("14_b8jck")]

[node name="Object1mm41" parent="." instance=ExtResource("10_xj7qu")]
transform = Transform3D(-0.965926, 0, -0.258819, 0, 1, 0, 0.258819, 0, -0.965926, 229, 13.75, 344.5)

[node name="MovementRotate" parent="Object1mm41" instance=ExtResource("14_b8jck")]

[node name="Object1mm42" parent="." instance=ExtResource("10_xj7qu")]
transform = Transform3D(-0.965926, 0, -0.258819, 0, 1, 0, 0.258819, 0, -0.965926, 228, 13.75, 345)

[node name="MovementRotate" parent="Object1mm42" instance=ExtResource("14_b8jck")]

[node name="Object1mm43" parent="." instance=ExtResource("10_xj7qu")]
transform = Transform3D(1, 0, 0, 0, 1, 0, 0, 0, 1, 282, 13.75, 260)

[node name="MovementRotate" parent="Object1mm43" instance=ExtResource("14_b8jck")]

[node name="Object1mm44" parent="." instance=ExtResource("10_xj7qu")]
transform = Transform3D(-0.965926, 0, -0.258819, 0, 1, 0, 0.258819, 0, -0.965926, 282, 13.75, 259)

[node name="MovementRotate" parent="Object1mm44" instance=ExtResource("14_b8jck")]

[node name="Object1mm45" parent="." instance=ExtResource("10_xj7qu")]
transform = Transform3D(-0.965926, 0, -0.258819, 0, 1, 0, 0.258819, 0, -0.965926, 281, 13.75, 259.5)

[node name="MovementRotate" parent="Object1mm45" instance=ExtResource("14_b8jck")]

[node name="Object1mm46" parent="." instance=ExtResource("10_xj7qu")]
transform = Transform3D(1, 0, 0, 0, 1, 0, 0, 0, 1, 282, 13.75, 282.5)

[node name="MovementRotate" parent="Object1mm46" instance=ExtResource("14_b8jck")]

[node name="Object1mm47" parent="." instance=ExtResource("10_xj7qu")]
transform = Transform3D(-0.965926, 0, -0.258819, 0, 1, 0, 0.258819, 0, -0.965926, 282, 13.75, 281.5)

[node name="MovementRotate" parent="Object1mm47" instance=ExtResource("14_b8jck")]

[node name="Object1mm48" parent="." instance=ExtResource("10_xj7qu")]
transform = Transform3D(-0.965926, 0, -0.258819, 0, 1, 0, 0.258819, 0, -0.965926, 281, 13.75, 282)

[node name="MovementRotate" parent="Object1mm48" instance=ExtResource("14_b8jck")]

[node name="Object1mm49" parent="." instance=ExtResource("10_xj7qu")]
transform = Transform3D(1, 0, 0, 0, 1, 0, 0, 0, 1, 242.75, 13.75, 282.5)

[node name="MovementRotate" parent="Object1mm49" instance=ExtResource("14_b8jck")]

[node name="Object1mm50" parent="." instance=ExtResource("10_xj7qu")]
transform = Transform3D(-0.965926, 0, -0.258819, 0, 1, 0, 0.258819, 0, -0.965926, 242.75, 13.75, 281.5)

[node name="MovementRotate" parent="Object1mm50" instance=ExtResource("14_b8jck")]

[node name="Object1mm51" parent="." instance=ExtResource("10_xj7qu")]
transform = Transform3D(-0.965926, 0, -0.258819, 0, 1, 0, 0.258819, 0, -0.965926, 241.75, 13.75, 282)

[node name="MovementRotate" parent="Object1mm51" instance=ExtResource("14_b8jck")]

[node name="Object1mm52" parent="." instance=ExtResource("10_xj7qu")]
transform = Transform3D(1, 0, 0, 0, 1, 0, 0, 0, 1, 242.75, 13.75, 234.25)

[node name="MovementRotate" parent="Object1mm52" instance=ExtResource("14_b8jck")]

[node name="Object1mm53" parent="." instance=ExtResource("10_xj7qu")]
transform = Transform3D(-0.965926, 0, -0.258819, 0, 1, 0, 0.258819, 0, -0.965926, 242.75, 13.75, 233.25)

[node name="MovementRotate" parent="Object1mm53" instance=ExtResource("14_b8jck")]

[node name="Object1mm54" parent="." instance=ExtResource("10_xj7qu")]
transform = Transform3D(-0.965926, 0, -0.258819, 0, 1, 0, 0.258819, 0, -0.965926, 241.75, 13.75, 233.75)

[node name="MovementRotate" parent="Object1mm54" instance=ExtResource("14_b8jck")]

[node name="Object1mm2" parent="." instance=ExtResource("10_xj7qu")]
transform = Transform3D(1, 0, 0, 0, 1, 0, 0, 0, 1, 201.25, 13.75, 399.75)

[node name="MovementCycle" parent="Object1mm2" instance=ExtResource("11_x47hl")]
walkSpeed = 10.0
restTimer = 0
destNodes = Array[Vector3]([Vector3(201.25, 13.75, 352.25), Vector3(201.25, 13.75, 386.75)])

[node name="Object1mm3" parent="." instance=ExtResource("10_xj7qu")]
transform = Transform3D(1, 0, 0, 0, 1, 0, 0, 0, 1, 200.25, 13.75, 399.75)

[node name="MovementCycle" parent="Object1mm3" instance=ExtResource("11_x47hl")]
walkSpeed = 10.0
restTimer = 0
destNodes = Array[Vector3]([Vector3(200.25, 13.75, 352.25), Vector3(200.25, 13.75, 386.75)])

[node name="Object1mm4" parent="." instance=ExtResource("10_xj7qu")]
transform = Transform3D(1, 0, 0, 0, 1, 0, 0, 0, 1, 199.75, 13.75, 400.5)

[node name="MovementCycle" parent="Object1mm4" instance=ExtResource("11_x47hl")]
walkSpeed = 10.0
restTimer = 0
destNodes = Array[Vector3]([Vector3(199.75, 13.75, 352.25), Vector3(199.75, 13.75, 386.75)])

[node name="Object1mm5" parent="." instance=ExtResource("10_xj7qu")]
transform = Transform3D(1, 0, 0, 0, 1, 0, 0, 0, 1, 200.75, 13.75, 400.5)

[node name="MovementCycle" parent="Object1mm5" instance=ExtResource("11_x47hl")]
walkSpeed = 10.0
restTimer = 0
destNodes = Array[Vector3]([Vector3(200.75, 13.75, 352.25), Vector3(200.75, 13.75, 386.75)])

[node name="Object1mm6" parent="." instance=ExtResource("10_xj7qu")]
transform = Transform3D(1, 0, 0, 0, 1, 0, 0, 0, 1, 201.75, 13.75, 400.5)

[node name="MovementCycle" parent="Object1mm6" instance=ExtResource("11_x47hl")]
walkSpeed = 10.0
restTimer = 0
destNodes = Array[Vector3]([Vector3(201.75, 13.75, 352.25), Vector3(201.75, 13.75, 386.75)])

[node name="Object1mm7" parent="." instance=ExtResource("10_xj7qu")]
transform = Transform3D(1, 0, 0, 0, 1, 0, 0, 0, 1, 200.75, 13.75, 402.5)

[node name="MovementCycle" parent="Object1mm7" instance=ExtResource("11_x47hl")]
walkSpeed = 10.0
restTimer = 0
destNodes = Array[Vector3]([Vector3(200.75, 13.75, 352.25), Vector3(200.75, 13.75, 386.75)])

[node name="Object1mm8" parent="." instance=ExtResource("10_xj7qu")]
transform = Transform3D(1, 0, 0, 0, 1, 0, 0, 0, 1, 201.25, 13.75, 403.25)

[node name="MovementCycle" parent="Object1mm8" instance=ExtResource("11_x47hl")]
walkSpeed = 10.0
restTimer = 0
destNodes = Array[Vector3]([Vector3(201.25, 13.75, 352.25), Vector3(201.25, 13.75, 386.75)])

[node name="Object1mm9" parent="." instance=ExtResource("10_xj7qu")]
transform = Transform3D(1, 0, 0, 0, 1, 0, 0, 0, 1, 200.25, 13.75, 403.25)

[node name="MovementCycle" parent="Object1mm9" instance=ExtResource("11_x47hl")]
walkSpeed = 10.0
restTimer = 0
destNodes = Array[Vector3]([Vector3(200.25, 13.75, 352.25), Vector3(200.25, 13.75, 386.75)])

[node name="Object1mm10" parent="." instance=ExtResource("10_xj7qu")]
transform = Transform3D(1, 0, 0, 0, 1, 0, 0, 0, 1, 199.75, 13.75, 404)

[node name="MovementCycle" parent="Object1mm10" instance=ExtResource("11_x47hl")]
walkSpeed = 10.0
restTimer = 0
destNodes = Array[Vector3]([Vector3(199.75, 13.75, 352.25), Vector3(199.75, 13.75, 386.75)])

[node name="Object1mm11" parent="." instance=ExtResource("10_xj7qu")]
transform = Transform3D(1, 0, 0, 0, 1, 0, 0, 0, 1, 200.75, 13.75, 404)

[node name="MovementCycle" parent="Object1mm11" instance=ExtResource("11_x47hl")]
walkSpeed = 10.0
restTimer = 0
destNodes = Array[Vector3]([Vector3(200.75, 13.75, 352.25), Vector3(200.75, 13.75, 386.75)])

[node name="Object1mm12" parent="." instance=ExtResource("10_xj7qu")]
transform = Transform3D(1, 0, 0, 0, 1, 0, 0, 0, 1, 201.75, 13.75, 404)

[node name="MovementCycle" parent="Object1mm12" instance=ExtResource("11_x47hl")]
walkSpeed = 10.0
restTimer = 0
destNodes = Array[Vector3]([Vector3(201.75, 13.75, 352.25), Vector3(201.75, 13.75, 386.75)])

[node name="Object1mm13" parent="." instance=ExtResource("10_xj7qu")]
transform = Transform3D(1, 0, 0, 0, 1, 0, 0, 0, 1, 200.75, 13.75, 406.25)

[node name="MovementCycle" parent="Object1mm13" instance=ExtResource("11_x47hl")]
walkSpeed = 10.0
restTimer = 0
destNodes = Array[Vector3]([Vector3(200.75, 13.75, 352.25), Vector3(200.75, 13.75, 386.75)])

[node name="Object1mm14" parent="." instance=ExtResource("10_xj7qu")]
transform = Transform3D(1, 0, 0, 0, 1, 0, 0, 0, 1, 201.25, 13.75, 407)

[node name="MovementCycle" parent="Object1mm14" instance=ExtResource("11_x47hl")]
walkSpeed = 10.0
restTimer = 0
destNodes = Array[Vector3]([Vector3(201.25, 13.75, 352.25), Vector3(201.25, 13.75, 386.75)])

[node name="Object1mm15" parent="." instance=ExtResource("10_xj7qu")]
transform = Transform3D(1, 0, 0, 0, 1, 0, 0, 0, 1, 200.25, 13.75, 407)

[node name="MovementCycle" parent="Object1mm15" instance=ExtResource("11_x47hl")]
walkSpeed = 10.0
restTimer = 0
destNodes = Array[Vector3]([Vector3(200.25, 13.75, 352.25), Vector3(200.25, 13.75, 386.75)])

[node name="Object1mm16" parent="." instance=ExtResource("10_xj7qu")]
transform = Transform3D(1, 0, 0, 0, 1, 0, 0, 0, 1, 199.75, 13.75, 407.75)

[node name="MovementCycle" parent="Object1mm16" instance=ExtResource("11_x47hl")]
walkSpeed = 10.0
restTimer = 0
destNodes = Array[Vector3]([Vector3(199.75, 13.75, 352.25), Vector3(199.75, 13.75, 386.75)])

[node name="Object1mm17" parent="." instance=ExtResource("10_xj7qu")]
transform = Transform3D(1, 0, 0, 0, 1, 0, 0, 0, 1, 200.75, 13.75, 407.75)

[node name="MovementCycle" parent="Object1mm17" instance=ExtResource("11_x47hl")]
walkSpeed = 10.0
restTimer = 0
destNodes = Array[Vector3]([Vector3(200.75, 13.75, 352.25), Vector3(200.75, 13.75, 386.75)])

[node name="Object1mm18" parent="." instance=ExtResource("10_xj7qu")]
transform = Transform3D(1, 0, 0, 0, 1, 0, 0, 0, 1, 201.75, 13.75, 407.75)

[node name="MovementCycle" parent="Object1mm18" instance=ExtResource("11_x47hl")]
walkSpeed = 10.0
restTimer = 0
destNodes = Array[Vector3]([Vector3(201.75, 13.75, 352.25), Vector3(201.75, 13.75, 386.75)])

[node name="Object1m_alt" parent="." instance=ExtResource("12_8u4ne")]
transform = Transform3D(-0.707107, 0, -0.707107, 0, 1, 0, 0.707107, 0, -0.707107, 174, 14, 395.5)

[node name="Object1m_alt2" parent="." instance=ExtResource("12_8u4ne")]
transform = Transform3D(-0.707107, 0, 0.707107, 0, 1, 0, -0.707107, 0, -0.707107, 188, 14, 395.25)

[node name="Object1m_alt3" parent="." instance=ExtResource("12_8u4ne")]
transform = Transform3D(1, 0, -1.49012e-07, 0, 1, 0, 1.49012e-07, 0, 1, 181.75, 14, 408.5)

[node name="Object5m" parent="." instance=ExtResource("13_ti07b")]
transform = Transform3D(1, 0, 0, 0, 1, 0, 0, 0, 1, 182, 16.75, 400.5)

[node name="MovementRotate" parent="Object5m" instance=ExtResource("14_b8jck")]
walkSpeed = 10.0

[node name="Object5m2" parent="." instance=ExtResource("13_ti07b")]
transform = Transform3D(-4.37114e-08, 0, 1, 0, 1, 0, -1, 0, -4.37114e-08, 271.25, 14.25, 387.25)

[node name="Object5m3" parent="." instance=ExtResource("13_ti07b")]
transform = Transform3D(0.866025, 0, -0.5, 0, 1, 0, 0.5, 0, 0.866025, 257.25, 14.25, 393)

[node name="Object5m4" parent="." instance=ExtResource("13_ti07b")]
transform = Transform3D(-0.707107, 0, -0.707107, 0, 1, 0, 0.707107, 0, -0.707107, 254.75, 14.25, 380.5)

[node name="Object1dam_alt" parent="." instance=ExtResource("15_0m6sr")]
transform = Transform3D(1, 0, 0, 0, 2.98023e-08, -1, 0, 1, 2.98023e-08, 262.75, 20, 389.75)

[node name="MovementRotate2" parent="Object1dam_alt" instance=ExtResource("14_b8jck")]

[node name="Object1dam" parent="." instance=ExtResource("16_w0twa")]
transform = Transform3D(1, -1.06581e-14, 4.37114e-08, 7.10543e-15, 1, 4.37114e-08, -4.37114e-08, -4.37114e-08, 1, 222, 71, 84.25)

[node name="MovementCycle" parent="Object1dam" instance=ExtResource("11_x47hl")]
restTimer = 1
destNodes = Array[Vector3]([Vector3(222, 71, 84.25), Vector3(222, 18.5, 84.25)])

[node name="Object1dam2" parent="." instance=ExtResource("16_w0twa")]
transform = Transform3D(1, -1.06581e-14, 4.37114e-08, 7.10543e-15, 1, 4.37114e-08, -4.37114e-08, -4.37114e-08, 1, 222, 71, 29.25)

[node name="MovementCycle" parent="Object1dam2" instance=ExtResource("11_x47hl")]
restTimer = 1
destNodes = Array[Vector3]([Vector3(222, 71, 29.25), Vector3(222, 18.5, 29.25)])

[node name="Object1dam3" parent="." instance=ExtResource("16_w0twa")]
transform = Transform3D(1, -1.06581e-14, 4.37114e-08, 7.10543e-15, 1, 4.37114e-08, -4.37114e-08, -4.37114e-08, 1, 222, 71, -23)

[node name="MovementCycle" parent="Object1dam3" instance=ExtResource("11_x47hl")]
walkSpeed = 25.0
restTimer = 1
destNodes = Array[Vector3]([Vector3(222, 71, -23), Vector3(222, 18.5, -23)])

[node name="Object5m_alt" parent="." instance=ExtResource("17_xqi1h")]
transform = Transform3D(0.707107, 0, -0.707107, 0, 1, 0, 0.707107, 0, 0.707107, 115, 137.25, 116.5)

[node name="MovementCycle" parent="Object5m_alt" instance=ExtResource("11_x47hl")]
walkSpeed = 25.0
restTimer = 4
destNodes = Array[Vector3]([Vector3(115, 137.25, 116.5), Vector3(115, 131.75, 116.5)])

[node name="Object5m_alt2" parent="." instance=ExtResource("17_xqi1h")]
transform = Transform3D(0.707107, 0, -0.707107, 0, 1, 0, 0.707107, 0, 0.707107, 55, 137.25, 220)

[node name="MovementCycle" parent="Object5m_alt2" instance=ExtResource("11_x47hl")]
walkSpeed = 25.0
restTimer = 4
destNodes = Array[Vector3]([Vector3(55, 137.25, 220), Vector3(55, 131.75, 220)])

[node name="wf_bigguy" parent="." instance=ExtResource("18_gl3i0")]
transform = Transform3D(0.66, 0, 0, 0, -2.88495e-08, -0.66, 0, 0.66, -2.88495e-08, 144.875, 0.15, 318.75)

[node name="wf_bigguy2" parent="." instance=ExtResource("18_gl3i0")]
transform = Transform3D(0.66, 0, 0, 0, -2.88495e-08, -0.66, 0, 0.66, -2.88495e-08, 145.125, 0.15, 265)

[node name="Object1cm" parent="." instance=ExtResource("19_t6dhd")]
transform = Transform3D(-0.866025, 0, 0.5, 0, 1, 0, -0.5, 0, -0.866025, 245.5, 14, 351.25)

[node name="MovementRotate" parent="Object1cm" instance=ExtResource("14_b8jck")]

[node name="Object1cm5" parent="." instance=ExtResource("19_t6dhd")]
transform = Transform3D(0.965926, 0, 0.258819, 0, 1, 0, -0.258819, 0, 0.965926, 269.5, 14, 337.5)

[node name="MovementCycle" parent="Object1cm5" instance=ExtResource("11_x47hl")]
walkSpeed = 15.0
reverseCourse = true
restTimer = 0
destNodes = Array[Vector3]([Vector3(269.5, 14, 337.5), Vector3(254.75, 14, 301.75), Vector3(283, 14, 260.75), Vector3(262.25, 14, 203)])

[node name="Object1cm12" parent="." instance=ExtResource("19_t6dhd")]
transform = Transform3D(0.965926, 0, 0.258819, 0, 1, 0, -0.258819, 0, 0.965926, 269.5, 14, 335.5)

[node name="MovementCycle" parent="Object1cm12" instance=ExtResource("11_x47hl")]
walkSpeed = 15.0
reverseCourse = true
restTimer = 0
destNodes = Array[Vector3]([Vector3(269.5, 14, 337.5), Vector3(254.75, 14, 301.75), Vector3(283, 14, 260.75), Vector3(262.25, 14, 203)])

[node name="Object1cm13" parent="." instance=ExtResource("19_t6dhd")]
transform = Transform3D(0.965926, 0, 0.258819, 0, 1, 0, -0.258819, 0, 0.965926, 269.5, 14, 333.5)

[node name="MovementCycle" parent="Object1cm13" instance=ExtResource("11_x47hl")]
walkSpeed = 15.0
reverseCourse = true
restTimer = 0
destNodes = Array[Vector3]([Vector3(269.5, 14, 337.5), Vector3(254.75, 14, 301.75), Vector3(283, 14, 260.75), Vector3(262.25, 14, 203)])

[node name="Object1cm14" parent="." instance=ExtResource("19_t6dhd")]
transform = Transform3D(0.965926, 0, 0.258819, 0, 1, 0, -0.258819, 0, 0.965926, 269.5, 14, 331)

[node name="MovementCycle" parent="Object1cm14" instance=ExtResource("11_x47hl")]
walkSpeed = 15.0
reverseCourse = true
restTimer = 0
destNodes = Array[Vector3]([Vector3(269.5, 14, 337.5), Vector3(254.75, 14, 301.75), Vector3(283, 14, 260.75), Vector3(262.25, 14, 203)])

[node name="Object1cm6" parent="." instance=ExtResource("19_t6dhd")]
transform = Transform3D(0.965926, 0, 0.258819, 0, 1, 0, -0.258819, 0, 0.965926, 269.5, 14, 339)

[node name="MovementCycle" parent="Object1cm6" instance=ExtResource("11_x47hl")]
walkSpeed = 15.0
reverseCourse = true
restTimer = 0
destNodes = Array[Vector3]([Vector3(269.5, 14, 337.5), Vector3(254.75, 14, 301.75), Vector3(283, 14, 260.75), Vector3(262.25, 14, 203)])

[node name="Object1cm7" parent="." instance=ExtResource("19_t6dhd")]
transform = Transform3D(0.965926, 0, 0.258819, 0, 1, 0, -0.258819, 0, 0.965926, 269.5, 14, 340.75)

[node name="MovementCycle" parent="Object1cm7" instance=ExtResource("11_x47hl")]
walkSpeed = 15.0
reverseCourse = true
restTimer = 0
destNodes = Array[Vector3]([Vector3(269.5, 14, 337.5), Vector3(254.75, 14, 301.75), Vector3(283, 14, 260.75), Vector3(262.25, 14, 203)])

[node name="Object1cm8" parent="." instance=ExtResource("19_t6dhd")]
transform = Transform3D(0.965926, 0, 0.258819, 0, 1, 0, -0.258819, 0, 0.965926, 269.25, 14, 346)

[node name="MovementCycle" parent="Object1cm8" instance=ExtResource("11_x47hl")]
walkSpeed = 15.0
reverseCourse = true
restTimer = 0
destNodes = Array[Vector3]([Vector3(269.5, 14, 337.5), Vector3(254.75, 14, 301.75), Vector3(283, 14, 260.75), Vector3(262.25, 14, 203)])

[node name="Object1cm9" parent="." instance=ExtResource("19_t6dhd")]
transform = Transform3D(0.965926, 0, 0.258819, 0, 1, 0, -0.258819, 0, 0.965926, 269.75, 14, 342.5)

[node name="MovementCycle" parent="Object1cm9" instance=ExtResource("11_x47hl")]
walkSpeed = 15.0
reverseCourse = true
restTimer = 0
destNodes = Array[Vector3]([Vector3(269.5, 14, 337.5), Vector3(254.75, 14, 301.75), Vector3(283, 14, 260.75), Vector3(262.25, 14, 203)])

[node name="Object1cm10" parent="." instance=ExtResource("19_t6dhd")]
transform = Transform3D(0.965926, 0, 0.258819, 0, 1, 0, -0.258819, 0, 0.965926, 269.25, 14, 348)

[node name="MovementCycle" parent="Object1cm10" instance=ExtResource("11_x47hl")]
walkSpeed = 15.0
reverseCourse = true
restTimer = 0
destNodes = Array[Vector3]([Vector3(269.5, 14, 337.5), Vector3(254.75, 14, 301.75), Vector3(283, 14, 260.75), Vector3(262.25, 14, 203)])

[node name="Object1cm11" parent="." instance=ExtResource("19_t6dhd")]
transform = Transform3D(0.965926, 0, 0.258819, 0, 1, 0, -0.258819, 0, 0.965926, 269, 14, 344.5)

[node name="MovementCycle" parent="Object1cm11" instance=ExtResource("11_x47hl")]
walkSpeed = 15.0
reverseCourse = true
restTimer = 0
destNodes = Array[Vector3]([Vector3(269.5, 14, 337.5), Vector3(254.75, 14, 301.75), Vector3(283, 14, 260.75), Vector3(262.25, 14, 203)])

[node name="Object1cm2" parent="." instance=ExtResource("19_t6dhd")]
transform = Transform3D(-0.258819, 0, -0.965926, 0, 1, 0, 0.965926, 0, -0.258819, 244.25, 14, 352)

[node name="MovementRotate2" parent="Object1cm2" instance=ExtResource("14_b8jck")]

[node name="Object1cm3" parent="." instance=ExtResource("19_t6dhd")]
transform = Transform3D(0.866026, 0, 0.5, 0, 1, 0, -0.5, 0, 0.866026, 245.5, 14, 352.75)

[node name="MovementRotate3" parent="Object1cm3" instance=ExtResource("14_b8jck")]

[node name="Object1cm4" parent="." instance=ExtResource("19_t6dhd")]
transform = Transform3D(0.862373, 0.5, -0.0794594, -0.137047, 0.0794592, -0.987373, -0.487372, 0.862372, 0.137047, 245.25, 15, 352)

[node name="Object1cm15" parent="." instance=ExtResource("19_t6dhd")]
transform = Transform3D(0.0606346, -0.903015, 0.425308, 0.123241, 0.429604, 0.894568, -0.990523, -0.00182658, 0.137337, 193.5, 27.25, 332.25)

[node name="Object1cm16" parent="." instance=ExtResource("19_t6dhd")]
transform = Transform3D(0.137047, -0.0794593, 0.987372, 0.00910934, 0.996836, 0.0789565, -0.990523, -0.00182658, 0.137337, 194, 27.5, 332.25)

[node name="Object1cm_alt" parent="." instance=ExtResource("20_tixxf")]
transform = Transform3D(-5.96046e-08, 0, -1, 0, 1, 0, 1, 0, -5.96046e-08, 265.7, 14, 353.05)

[node name="Object1cm_alt2" parent="." instance=ExtResource("20_tixxf")]
transform = Transform3D(-5.96046e-08, 0, -1, 0, 1, 0, 1, 0, -5.96046e-08, 265.7, 14, 355.3)

[node name="Object1cm_alt3" parent="." instance=ExtResource("20_tixxf")]
transform = Transform3D(-5.96046e-08, 0, -1, 0, 1, 0, 1, 0, -5.96046e-08, 265.7, 14, 354.3)

[node name="Object1cm_alt4" parent="." instance=ExtResource("20_tixxf")]
transform = Transform3D(-5.96046e-08, 0, -1, 0, 1, 0, 1, 0, -5.96046e-08, 265.7, 15.5, 353.05)

[node name="Object1cm_alt5" parent="." instance=ExtResource("20_tixxf")]
transform = Transform3D(-5.96046e-08, 0, -1, 0, 1, 0, 1, 0, -5.96046e-08, 265.7, 16.75, 353.05)

[node name="Object1cm_alt6" parent="." instance=ExtResource("20_tixxf")]
transform = Transform3D(-5.96046e-08, 0, -1, 0, 1, 0, 1, 0, -5.96046e-08, 265.7, 14, 362.05)

[node name="Object1cm_alt7" parent="." instance=ExtResource("20_tixxf")]
transform = Transform3D(-5.96046e-08, 0, -1, 0, 1, 0, 1, 0, -5.96046e-08, 265.7, 14, 364.3)

[node name="Object1cm_alt8" parent="." instance=ExtResource("20_tixxf")]
transform = Transform3D(-5.96046e-08, 0, -1, 0, 1, 0, 1, 0, -5.96046e-08, 265.7, 14, 363.3)

[node name="Object1cm_alt9" parent="." instance=ExtResource("20_tixxf")]
transform = Transform3D(-5.96046e-08, 0, -1, 0, 1, 0, 1, 0, -5.96046e-08, 265.7, 15.5, 362.05)

[node name="Object1cm_alt10" parent="." instance=ExtResource("20_tixxf")]
transform = Transform3D(-5.96046e-08, 0, -1, 0, 1, 0, 1, 0, -5.96046e-08, 265.7, 16.75, 362.05)

[node name="Object1cm_alt11" parent="." instance=ExtResource("20_tixxf")]
transform = Transform3D(-5.96046e-08, 0, -1, 0, 1, 0, 1, 0, -5.96046e-08, 265.7, 14, 357.05)

[node name="Object1cm_alt12" parent="." instance=ExtResource("20_tixxf")]
transform = Transform3D(-5.96046e-08, 0, -1, 0, 1, 0, 1, 0, -5.96046e-08, 265.7, 14, 359.3)

[node name="Object1cm_alt16" parent="." instance=ExtResource("20_tixxf")]
transform = Transform3D(-5.96046e-08, 0, -1, 0, 1, 0, 1, 0, -5.96046e-08, 265.7, 15.5, 359.3)

[node name="Object1cm_alt17" parent="." instance=ExtResource("20_tixxf")]
transform = Transform3D(-5.96046e-08, 0, -1, 0, 1, 0, 1, 0, -5.96046e-08, 265.7, 16.75, 359.3)

[node name="Object1cm_alt18" parent="." instance=ExtResource("20_tixxf")]
transform = Transform3D(-5.96046e-08, 0, -1, 0, 1, 0, 1, 0, -5.96046e-08, 265.7, 16.75, 358.3)

[node name="Object1cm_alt13" parent="." instance=ExtResource("20_tixxf")]
transform = Transform3D(-5.96046e-08, 0, -1, 0, 1, 0, 1, 0, -5.96046e-08, 265.7, 14, 358.3)

[node name="Object1cm_alt14" parent="." instance=ExtResource("20_tixxf")]
transform = Transform3D(-5.96046e-08, 0, -1, 0, 1, 0, 1, 0, -5.96046e-08, 265.7, 15.5, 357.05)

[node name="Object1cm_alt15" parent="." instance=ExtResource("20_tixxf")]
transform = Transform3D(-5.96046e-08, 0, -1, 0, 1, 0, 1, 0, -5.96046e-08, 265.7, 16.75, 357.05)

[node name="Object1dm_alt" parent="." instance=ExtResource("21_g6yui")]
transform = Transform3D(1, 0, 0, 0, 1, 0, 0, 0, 1, 265.75, 14, 367.25)

[node name="Object1dm" parent="." instance=ExtResource("22_eb5oj")]
transform = Transform3D(-0.5, 0, -0.866025, 0, 1, 0, 0.866025, 0, -0.5, 265.75, 15.5, 367)

[node name="MovementRotate" parent="Object1dm" instance=ExtResource("14_b8jck")]
walkSpeed = 10.0

[node name="Object1dm2" parent="." instance=ExtResource("22_eb5oj")]
transform = Transform3D(0.965926, 0, -0.258819, 0, 1, 0, 0.258819, 0, 0.965926, 265.75, 16.5, 174.25)

[node name="MovementCycle" parent="Object1dm2" instance=ExtResource("11_x47hl")]
reverseCourse = true
destNodes = Array[Vector3]([Vector3(265.75, 15, 174.25), Vector3(265.75, 13, 174.25)])

[node name="Object1dm3" parent="." instance=ExtResource("22_eb5oj")]
transform = Transform3D(0.866025, 0, 0.5, 0, 1, 0, -0.5, 0, 0.866025, 257, 16.5, 174.25)

[node name="MovementCycle" parent="Object1dm3" instance=ExtResource("11_x47hl")]
reverseCourse = true
destNodes = Array[Vector3]([Vector3(257, 13, 174.25), Vector3(257, 15, 174.25)])

[node name="Object1dm4" parent="." instance=ExtResource("22_eb5oj")]
transform = Transform3D(0.258819, 0, 0.965926, 0, 1, 0, -0.965926, 0, 0.258819, 252.75, 16.5, 181.25)

[node name="MovementCycle" parent="Object1dm4" instance=ExtResource("11_x47hl")]
reverseCourse = true
destNodes = Array[Vector3]([Vector3(252.75, 15, 181.25), Vector3(252.75, 13, 181.25)])

[node name="Object1dm5" parent="." instance=ExtResource("22_eb5oj")]
transform = Transform3D(-0.5, 0, 0.866025, 0, 1, 0, -0.866025, 0, -0.5, 252.75, 16.5, 187.75)

[node name="MovementCycle" parent="Object1dm5" instance=ExtResource("11_x47hl")]
reverseCourse = true
destNodes = Array[Vector3]([Vector3(252.75, 13, 187.75), Vector3(252.75, 15, 187.75)])

[node name="Object1dm6" parent="." instance=ExtResource("22_eb5oj")]
transform = Transform3D(-0.866025, 0, 0.5, 0, 1, 0, -0.5, 0, -0.866025, 258.25, 16.5, 192.75)

[node name="MovementCycle" parent="Object1dm6" instance=ExtResource("11_x47hl")]
reverseCourse = true
destNodes = Array[Vector3]([Vector3(258.25, 15, 192.75), Vector3(258.25, 13, 192.75)])

[node name="Object1dm7" parent="." instance=ExtResource("22_eb5oj")]
transform = Transform3D(-0.965926, 0, -0.258819, 0, 1, 0, 0.258819, 0, -0.965926, 266, 16.5, 192.75)

[node name="MovementCycle" parent="Object1dm7" instance=ExtResource("11_x47hl")]
reverseCourse = true
destNodes = Array[Vector3]([Vector3(266, 13, 192.75), Vector3(266, 15, 192.75)])

[node name="Object1dm8" parent="." instance=ExtResource("22_eb5oj")]
transform = Transform3D(-0.5, 0, -0.866025, 0, 1, 0, 0.866025, 0, -0.5, 270.5, 16.5, 189)

[node name="MovementCycle" parent="Object1dm8" instance=ExtResource("11_x47hl")]
reverseCourse = true
destNodes = Array[Vector3]([Vector3(270.5, 15, 189), Vector3(270.5, 13, 189)])

[node name="Object1dm9" parent="." instance=ExtResource("22_eb5oj")]
transform = Transform3D(0.258819, 0, -0.965926, 0, 1, 0, 0.965926, 0, 0.258819, 271.25, 16.5, 181)

[node name="MovementCycle" parent="Object1dm9" instance=ExtResource("11_x47hl")]
reverseCourse = true
destNodes = Array[Vector3]([Vector3(271.25, 13, 181), Vector3(271.25, 15, 181)])

[node name="Object5hm" parent="." instance=ExtResource("23_4ou20")]
transform = Transform3D(1, 0, 0, 0, 1, 0, 0, 0, 1, 262.5, 14, 184.5)

[node name="MovementRotate" parent="Object5hm" instance=ExtResource("14_b8jck")]
walkSpeed = 15.0

[node name="Object5dm" parent="." instance=ExtResource("24_xhps2")]
transform = Transform3D(1, 0, 0, 0, 1, 0, 0, 0, 1, 274.25, 15.75, 117.25)

[node name="MovementCycle" parent="Object5dm" instance=ExtResource("11_x47hl")]
walkSpeed = 10.0
restTimer = 1
destNodes = Array[Vector3]([Vector3(274.25, 15.75, 117.25), Vector3(249.5, 15.75, 117.25), Vector3(249.5, 15.75, 142.25), Vector3(274.25, 15.75, 142.25)])

[node name="Object5dm5" parent="." instance=ExtResource("24_xhps2")]
transform = Transform3D(1, 0, 0, 0, 1, 0, 0, 0, 1, 269, 16, 353.25)

[node name="MovementCycle" parent="Object5dm5" instance=ExtResource("11_x47hl")]
walkSpeed = 15.0
reverseCourse = true
restTimer = 0
destNodes = Array[Vector3]([Vector3(269.5, 14, 337.5), Vector3(254.75, 14, 301.75), Vector3(283, 14, 260.75), Vector3(262.25, 14, 203)])

[node name="Object5dm6" parent="." instance=ExtResource("24_xhps2")]
transform = Transform3D(1, 0, 0, 0, 1, 0, 0, 0, 1, 269, 16, 360.75)

[node name="MovementCycle" parent="Object5dm6" instance=ExtResource("11_x47hl")]
