[gd_scene load_steps=12 format=3 uid="uid://nxvnmvql4cxf"]

[ext_resource type="Script" path="res://scripts/SignalBus.gd" id="1_f4a8i"]
[ext_resource type="Script" path="res://scripts/main.gd" id="1_r0f8h"]
[ext_resource type="PackedScene" uid="uid://ca6kf1nxv7mf7" path="res://scenes/terrain/terrain_001.tscn" id="1_vfeln"]
[ext_resource type="PackedScene" uid="uid://dd5mdk6ah7gyy" path="res://scenes/player_ball.tscn" id="2_f5acn"]
[ext_resource type="Script" path="res://scripts/BallSizeValue.gd" id="3_4avfj"]
[ext_resource type="PackedScene" uid="uid://bxkahlktkuwn8" path="res://scenes/camera.tscn" id="3_ksg2j"]
[ext_resource type="PackedScene" uid="uid://c4lkpgs5n4ah" path="res://scenes/player_body.tscn" id="6_hpqee"]
[ext_resource type="PackedScene" uid="uid://b8v5xsq5b1f2" path="res://scenes/objects/object_1m.tscn" id="7_gul3f"]
[ext_resource type="PackedScene" uid="uid://c6bnb6pd1ets3" path="res://scenes/objects/object_2m.tscn" id="8_yu3kq"]
[ext_resource type="PackedScene" uid="uid://xuyfc2ntk4qf" path="res://scenes/objects/object_50_cm.tscn" id="9_qvhps"]
[ext_resource type="PackedScene" uid="uid://w2smdlaxb32r" path="res://scenes/objects/object_25_cm.tscn" id="10_j3jey"]

[node name="Main" type="Node3D"]
process_mode = 3
script = ExtResource("1_r0f8h")

[node name="SignalBus" type="Node" parent="."]
script = ExtResource("1_f4a8i")

[node name="UI" type="BoxContainer" parent="."]
offset_right = 1154.0
offset_bottom = 649.0

[node name="VBoxContainer" type="VBoxContainer" parent="UI"]
layout_mode = 2

[node name="HBoxContainer" type="HBoxContainer" parent="UI/VBoxContainer"]
layout_mode = 2

[node name="BallSizeLabel" type="Label" parent="UI/VBoxContainer/HBoxContainer"]
layout_mode = 2
text = "Ball Size: "

[node name="BallSizeValue" type="Label" parent="UI/VBoxContainer/HBoxContainer"]
layout_mode = 2
script = ExtResource("3_4avfj")

[node name="DirectionalLight3D" type="DirectionalLight3D" parent="."]
process_mode = 1
transform = Transform3D(0.707107, 0.303058, -0.638871, 0, 0.9035, 0.428588, 0.707107, -0.303058, 0.638871, -41, 41.1755, 49.752)

[node name="Terrain001" parent="." instance=ExtResource("1_vfeln")]
process_mode = 1

[node name="Camera" parent="." node_paths=PackedStringArray("player") instance=ExtResource("3_ksg2j")]
process_mode = 1
transform = Transform3D(1, 0, 0, 0, 1, 0, 0, 0, 1, 0, 4.14829, 4.36548)
player = NodePath("../PlayerBall")

[node name="PlayerBall" parent="." node_paths=PackedStringArray("myCamera") instance=ExtResource("2_f5acn")]
process_mode = 1
transform = Transform3D(1, 0, 0, 0, 1, 0, 0, 0, 1, 0, 4.14829, 4.36548)
myCamera = NodePath("../Camera")

[node name="PlayerBody" parent="." instance=ExtResource("6_hpqee")]
process_mode = 1

[node name="Objects" type="Node3D" parent="."]

[node name="Object" parent="Objects" instance=ExtResource("7_gul3f")]
transform = Transform3D(1, 0, 0, 0, 1, 0, 0, 0, 1, -28, 0.5, -4)

[node name="Object2" parent="Objects" instance=ExtResource("7_gul3f")]
transform = Transform3D(1, 0, 0, 0, 1, 0, 0, 0, 1, -33, 0.5, -1)

[node name="Object3" parent="Objects" instance=ExtResource("7_gul3f")]
transform = Transform3D(1, 0, 0, 0, 1, 0, 0, 0, 1, -22, 0.5, -6)

[node name="Object4" parent="Objects" instance=ExtResource("7_gul3f")]
transform = Transform3D(1, 0, 0, 0, 1, 0, 0, 0, 1, -33, 0.5, -6)

[node name="Object5" parent="Objects" instance=ExtResource("7_gul3f")]
transform = Transform3D(1, 0, 0, 0, 1, 0, 0, 0, 1, -23, 0.5, 6)

[node name="Object6" parent="Objects" instance=ExtResource("7_gul3f")]
transform = Transform3D(1, 0, 0, 0, 1, 0, 0, 0, 1, -27, 0.5, 2)

[node name="Object7" parent="Objects" instance=ExtResource("7_gul3f")]
transform = Transform3D(1, 0, 0, 0, 1, 0, 0, 0, 1, -22, 0.5, -1)

[node name="Object8" parent="Objects" instance=ExtResource("7_gul3f")]
transform = Transform3D(1, 0, 0, 0, 1, 0, 0, 0, 1, -22, 0.5, 2)

[node name="Object10" parent="Objects" instance=ExtResource("7_gul3f")]
transform = Transform3D(1, 0, 0, 0, 1, 0, 0, 0, 1, -34, 0.5, 3)

[node name="Object11" parent="Objects" instance=ExtResource("7_gul3f")]
transform = Transform3D(1, 0, 0, 0, 1, 0, 0, 0, 1, -28, 0.5, -1)

[node name="Object9" parent="Objects" instance=ExtResource("7_gul3f")]
transform = Transform3D(0.5, 0, -0.866025, 0, 1, 0, 0.866025, 0, 0.5, -32.6555, 0.5, 1.00718)

[node name="Object12" parent="Objects" instance=ExtResource("7_gul3f")]
transform = Transform3D(0.5, 0, -0.866025, 0, 1, 0, 0.866025, 0, 0.5, -37.7536, 0.5, -1.82295)

[node name="Object13" parent="Objects" instance=ExtResource("7_gul3f")]
transform = Transform3D(0.5, 0, -0.866025, 0, 1, 0, 0.866025, 0, 0.5, -27.9235, 0.5, 5.20333)

[node name="Object14" parent="Objects" instance=ExtResource("7_gul3f")]
transform = Transform3D(0.5, 0, -0.866025, 0, 1, 0, 0.866025, 0, 0.5, -33.4235, 0.5, -4.32294)

[node name="Object15" parent="Objects" instance=ExtResource("7_gul3f")]
transform = Transform3D(0.5, 0, -0.866025, 0, 1, 0, 0.866025, 0, 0.5, -38.8158, 0.5, 10.3373)

[node name="Object16" parent="Objects" instance=ExtResource("7_gul3f")]
transform = Transform3D(0.5, 0, -0.866025, 0, 1, 0, 0.866025, 0, 0.5, -37.3517, 0.5, 4.87321)

[node name="Object17" parent="Objects" instance=ExtResource("7_gul3f")]
transform = Transform3D(0.5, 0, -0.866025, 0, 1, 0, 0.866025, 0, 0.5, -32.2536, 0.5, 7.70333)

[node name="Object18" parent="Objects" instance=ExtResource("7_gul3f")]
transform = Transform3D(0.5, 0, -0.866025, 0, 1, 0, 0.866025, 0, 0.5, -34.8517, 0.5, 9.20333)

[node name="Object19" parent="Objects" instance=ExtResource("7_gul3f")]
transform = Transform3D(0.5, 0, -0.866025, 0, 1, 0, 0.866025, 0, 0.5, -41.7177, 0.5, -0.688971)

[node name="Object20" parent="Objects" instance=ExtResource("7_gul3f")]
transform = Transform3D(0.5, 0, -0.866025, 0, 1, 0, 0.866025, 0, 0.5, -35.2536, 0.5, 2.50718)

[node name="Object21" parent="Objects" instance=ExtResource("7_gul3f")]
transform = Transform3D(0.5, 0, 0.866025, 0, 1, 0, -0.866025, 0, 0.5, -40.7094, 0.5, -8.68803)

[node name="Object22" parent="Objects" instance=ExtResource("7_gul3f")]
transform = Transform3D(0.5, 0, 0.866025, 0, 1, 0, -0.866025, 0, 0.5, -37.7453, 0.5, -5.82201)

[node name="Object23" parent="Objects" instance=ExtResource("7_gul3f")]
transform = Transform3D(1, 0, 2.98023e-08, 0, 1, 0, -2.98023e-08, 0, 1, -38.7989, 0.5, -4.98278)

[node name="Object24" parent="Objects" instance=ExtResource("7_gul3f")]
transform = Transform3D(-0.258819, 0, 0.965926, 0, 1, 0, -0.965926, 0, -0.258819, -28.7824, 0.5, -6.89751)

[node name="Object25" parent="Objects" instance=ExtResource("7_gul3f")]
transform = Transform3D(-0.258819, 0, 0.965926, 0, 1, 0, -0.965926, 0, -0.258819, -24.6598, 0.5, -6.96686)

[node name="Object26" parent="Objects" instance=ExtResource("7_gul3f")]
transform = Transform3D(0.707107, 0, 0.707107, 0, 1, 0, -0.707107, 0, 0.707107, -24.8114, 0.5, -5.62844)

[node name="Object27" parent="Objects" instance=ExtResource("7_gul3f")]
transform = Transform3D(-0.965926, 0, 0.258819, 0, 1, 0, -0.258819, 0, -0.965926, -27.7798, 0.5, 10.6388)

[node name="Object28" parent="Objects" instance=ExtResource("7_gul3f")]
transform = Transform3D(-0.965926, 0, 0.258819, 0, 1, 0, -0.258819, 0, -0.965926, -25.7786, 0.5, 7.03394)

[node name="Object29" parent="Objects" instance=ExtResource("7_gul3f")]
transform = Transform3D(-0.258819, 0, 0.965926, 0, 1, 0, -0.965926, 0, -0.258819, -24.6952, 0.5, 7.83442)

[node name="Object30" parent="Objects" instance=ExtResource("7_gul3f")]
transform = Transform3D(-0.965926, 0, 0.258819, 0, 1, 0, -0.258819, 0, -0.965926, -41.7798, 0.5, 9.63882)

[node name="Object31" parent="Objects" instance=ExtResource("7_gul3f")]
transform = Transform3D(-0.965926, 0, 0.258819, 0, 1, 0, -0.258819, 0, -0.965926, -39.7786, 0.5, 6.03394)

[node name="Object32" parent="Objects" instance=ExtResource("7_gul3f")]
transform = Transform3D(-0.258819, 0, 0.965926, 0, 1, 0, -0.965926, 0, -0.258819, -38.6952, 0.5, 6.83442)

[node name="Object2m" parent="Objects" instance=ExtResource("8_yu3kq")]
transform = Transform3D(1, 0, 0, 0, 1, 0, 0, 0, 1, -3, 1.5, -18)

[node name="Object2m2" parent="Objects" instance=ExtResource("8_yu3kq")]
transform = Transform3D(1, 0, 0, 0, 1, 0, 0, 0, 1, 5, 1.5, -18)

[node name="Object2m3" parent="Objects" instance=ExtResource("8_yu3kq")]
transform = Transform3D(1, 0, 0, 0, 1, 0, 0, 0, 1, 2, 1.5, -25)

[node name="Object2m4" parent="Objects" instance=ExtResource("8_yu3kq")]
transform = Transform3D(1, 0, 0, 0, 1, 0, 0, 0, 1, -3, 1.5, -25)

[node name="Object2m5" parent="Objects" instance=ExtResource("8_yu3kq")]
transform = Transform3D(1, 0, 0, 0, 1, 0, 0, 0, 1, 6, 1.5, -25)

[node name="Object50cm" parent="Objects" instance=ExtResource("9_qvhps")]
transform = Transform3D(1, 0, 0, 0, 1, 0, 0, 0, 1, 28, 0.5, -3.37784)

[node name="Object50cm2" parent="Objects" instance=ExtResource("9_qvhps")]
transform = Transform3D(1, 0, 0, 0, 1, 0, 0, 0, 1, 30, 0.5, -3.37784)

[node name="Object50cm3" parent="Objects" instance=ExtResource("9_qvhps")]
transform = Transform3D(1, 0, 0, 0, 1, 0, 0, 0, 1, 33, 0.5, -3.37784)

[node name="Object50cm4" parent="Objects" instance=ExtResource("9_qvhps")]
transform = Transform3D(1, 0, 0, 0, 1, 0, 0, 0, 1, 33, 0.5, -6.37784)

[node name="Object50cm5" parent="Objects" instance=ExtResource("9_qvhps")]
transform = Transform3D(1, 0, 0, 0, 1, 0, 0, 0, 1, 24, 0.5, -6.37784)

[node name="Object50cm6" parent="Objects" instance=ExtResource("9_qvhps")]
transform = Transform3D(1, 0, 0, 0, 1, 0, 0, 0, 1, 20, 0.5, -1.37784)

[node name="Object50cm7" parent="Objects" instance=ExtResource("9_qvhps")]
transform = Transform3D(1, 0, 0, 0, 1, 0, 0, 0, 1, 34, 0.5, 2.62216)

[node name="Object50cm8" parent="Objects" instance=ExtResource("9_qvhps")]
transform = Transform3D(1, 0, 0, 0, 1, 0, 0, 0, 1, 34, 0.5, 5.62216)

[node name="Object50cm9" parent="Objects" instance=ExtResource("9_qvhps")]
transform = Transform3D(1, 0, 0, 0, 1, 0, 0, 0, 1, 30, 0.5, 5.62216)

[node name="Object50cm10" parent="Objects" instance=ExtResource("9_qvhps")]
transform = Transform3D(1, 0, 0, 0, 1, 0, 0, 0, 1, 22, 0.5, 5.62216)

[node name="Object50cm11" parent="Objects" instance=ExtResource("9_qvhps")]
transform = Transform3D(0.707107, 0, 0.707107, 0, 1, 0, -0.707107, 0, 0.707107, 28.1837, 0.5, 0.0372332)

[node name="Object50cm12" parent="Objects" instance=ExtResource("9_qvhps")]
transform = Transform3D(0.707107, 0, 0.707107, 0, 1, 0, -0.707107, 0, 0.707107, 29.5979, 0.5, -1.37698)

[node name="Object50cm21" parent="Objects" instance=ExtResource("9_qvhps")]
transform = Transform3D(0.258819, 0, 0.965926, 0, 1, 0, -0.965926, 0, 0.258819, 22.6964, 0.5, -1.46614)

[node name="Object50cm22" parent="Objects" instance=ExtResource("9_qvhps")]
transform = Transform3D(-0.5, 0, 0.866025, 0, 1, 0, -0.866025, 0, -0.5, 26.0426, 0.5, -0.759699)

[node name="Object50cm23" parent="Objects" instance=ExtResource("9_qvhps")]
transform = Transform3D(-0.5, 0, 0.866025, 0, 1, 0, -0.866025, 0, -0.5, 25.0426, 0.5, -2.49175)

[node name="Object50cm24" parent="Objects" instance=ExtResource("9_qvhps")]
transform = Transform3D(0.258819, 0, 0.965926, 0, 1, 0, -0.965926, 0, 0.258819, 18.6964, 0.5, 8.53386)

[node name="Object50cm25" parent="Objects" instance=ExtResource("9_qvhps")]
transform = Transform3D(-0.5, 0, 0.866025, 0, 1, 0, -0.866025, 0, -0.5, 22.0426, 0.5, 9.2403)

[node name="Object50cm26" parent="Objects" instance=ExtResource("9_qvhps")]
transform = Transform3D(-0.5, 0, 0.866025, 0, 1, 0, -0.866025, 0, -0.5, 21.0426, 0.5, 7.50825)

[node name="Object50cm27" parent="Objects" instance=ExtResource("9_qvhps")]
transform = Transform3D(0.258819, 0, 0.965926, 0, 1, 0, -0.965926, 0, 0.258819, 18.6964, 0.5, -7.46614)

[node name="Object50cm28" parent="Objects" instance=ExtResource("9_qvhps")]
transform = Transform3D(-0.5, 0, 0.866025, 0, 1, 0, -0.866025, 0, -0.5, 22.0426, 0.5, -6.7597)

[node name="Object50cm29" parent="Objects" instance=ExtResource("9_qvhps")]
transform = Transform3D(-0.5, 0, 0.866025, 0, 1, 0, -0.866025, 0, -0.5, 21.0426, 0.5, -8.49175)

[node name="Object50cm13" parent="Objects" instance=ExtResource("9_qvhps")]
transform = Transform3D(0.707107, 0, 0.707107, 0, 1, 0, -0.707107, 0, 0.707107, 31.7192, 0.5, -3.4983)

[node name="Object50cm14" parent="Objects" instance=ExtResource("9_qvhps")]
transform = Transform3D(0.707107, 0, 0.707107, 0, 1, 0, -0.707107, 0, 0.707107, 29.5979, 0.5, -5.61962)

[node name="Object50cm15" parent="Objects" instance=ExtResource("9_qvhps")]
transform = Transform3D(0.707107, 0, 0.707107, 0, 1, 0, -0.707107, 0, 0.707107, 23.234, 0.5, 0.74434)

[node name="Object50cm16" parent="Objects" instance=ExtResource("9_qvhps")]
transform = Transform3D(0.707107, 0, 0.707107, 0, 1, 0, -0.707107, 0, 0.707107, 23.9411, 0.5, 7.1083)

[node name="Object50cm17" parent="Objects" instance=ExtResource("9_qvhps")]
transform = Transform3D(0.707107, 0, 0.707107, 0, 1, 0, -0.707107, 0, 0.707107, 36.669, 0.5, 0.0372332)

[node name="Object50cm18" parent="Objects" instance=ExtResource("9_qvhps")]
transform = Transform3D(0.707107, 0, 0.707107, 0, 1, 0, -0.707107, 0, 0.707107, 38.7903, 0.5, 2.15855)

[node name="Object50cm19" parent="Objects" instance=ExtResource("9_qvhps")]
transform = Transform3D(0.707107, 0, 0.707107, 0, 1, 0, -0.707107, 0, 0.707107, 35.9619, 0.5, 4.98698)

[node name="Object50cm20" parent="Objects" instance=ExtResource("9_qvhps")]
transform = Transform3D(0.707107, 0, 0.707107, 0, 1, 0, -0.707107, 0, 0.707107, 30.305, 0.5, 10.6438)

[node name="Object50cm30" parent="Objects" instance=ExtResource("9_qvhps")]
transform = Transform3D(-0.258819, 0, -0.965926, 0, 1, 0, 0.965926, 0, -0.258819, 33.7291, 0.5, 0.855478)

[node name="Object50cm31" parent="Objects" instance=ExtResource("9_qvhps")]
transform = Transform3D(-0.258819, 0, -0.965926, 0, 1, 0, 0.965926, 0, -0.258819, 33.2115, 0.5, 2.78733)

[node name="Object50cm32" parent="Objects" instance=ExtResource("9_qvhps")]
transform = Transform3D(-0.258819, 0, -0.965926, 0, 1, 0, 0.965926, 0, -0.258819, 32.435, 0.5, 5.68511)

[node name="Object50cm33" parent="Objects" instance=ExtResource("9_qvhps")]
transform = Transform3D(-0.258819, 0, -0.965926, 0, 1, 0, 0.965926, 0, -0.258819, 35.3328, 0.5, 6.46156)

[node name="Object50cm34" parent="Objects" instance=ExtResource("9_qvhps")]
transform = Transform3D(-0.258819, 0, -0.965926, 0, 1, 0, 0.965926, 0, -0.258819, 37.6622, 0.5, -2.23177)

[node name="Object50cm35" parent="Objects" instance=ExtResource("9_qvhps")]
transform = Transform3D(-0.258819, 0, -0.965926, 0, 1, 0, 0.965926, 0, -0.258819, 33.8678, 0.5, -7.38957)

[node name="Object50cm36" parent="Objects" instance=ExtResource("9_qvhps")]
transform = Transform3D(-0.258819, 0, -0.965926, 0, 1, 0, 0.965926, 0, -0.258819, 26.3806, 0.5, 5.09812)

[node name="Object50cm37" parent="Objects" instance=ExtResource("9_qvhps")]
transform = Transform3D(-0.258819, 0, -0.965926, 0, 1, 0, 0.965926, 0, -0.258819, 23.4829, 0.5, 4.32166)

[node name="Object50cm38" parent="Objects" instance=ExtResource("9_qvhps")]
transform = Transform3D(-0.258819, 0, -0.965926, 0, 1, 0, 0.965926, 0, -0.258819, 24.5181, 0.5, 0.457958)

[node name="Object50cm39" parent="Objects" instance=ExtResource("9_qvhps")]
transform = Transform3D(-0.258819, 0, -0.965926, 0, 1, 0, 0.965926, 0, -0.258819, 26.5887, 0.5, -7.26945)

[node name="Object50cm40" parent="Objects" instance=ExtResource("9_qvhps")]
transform = Transform3D(0.5, 0, -0.866025, 0, 1, 0, 0.866025, 0, 0.5, 30.3828, 0.5, 0.149036)

[node name="Object50cm41" parent="Objects" instance=ExtResource("9_qvhps")]
transform = Transform3D(0.5, 0, -0.866025, 0, 1, 0, 0.866025, 0, 0.5, 31.3828, 0.5, 1.88109)

[node name="Object50cm42" parent="Objects" instance=ExtResource("9_qvhps")]
transform = Transform3D(0.866025, 0, -0.5, 0, 1, 0, 0.5, 0, 0.866025, 33.2552, 0.5, -4.76222)

[node name="Object50cm43" parent="Objects" instance=ExtResource("9_qvhps")]
transform = Transform3D(0.965926, 0, 0.258819, 0, 1, 0, -0.258819, 0, 0.965926, 31.7068, 0.5, -1.71283)

[node name="Object50cm44" parent="Objects" instance=ExtResource("9_qvhps")]
transform = Transform3D(0.965926, 0, 0.258819, 0, 1, 0, -0.258819, 0, 0.965926, 33.6386, 0.5, -2.23046)

[node name="Object50cm45" parent="Objects" instance=ExtResource("9_qvhps")]
transform = Transform3D(0.866025, 0, -0.5, 0, 1, 0, 0.5, 0, 0.866025, 24.6312, 0.5, -11.2141)

[node name="Object50cm46" parent="Objects" instance=ExtResource("9_qvhps")]
transform = Transform3D(0.965926, 0, 0.258819, 0, 1, 0, -0.258819, 0, 0.965926, 23.0828, 0.5, -8.16472)

[node name="Object50cm47" parent="Objects" instance=ExtResource("9_qvhps")]
transform = Transform3D(0.965926, 0, 0.258819, 0, 1, 0, -0.258819, 0, 0.965926, 25.0146, 0.5, -8.68236)

[node name="Object50cm48" parent="Objects" instance=ExtResource("9_qvhps")]
transform = Transform3D(0.866025, 0, -0.5, 0, 1, 0, 0.5, 0, 0.866025, 40.0861, 0.5, -7.07301)

[node name="Object50cm49" parent="Objects" instance=ExtResource("9_qvhps")]
transform = Transform3D(0.965926, 0, 0.258819, 0, 1, 0, -0.258819, 0, 0.965926, 38.5376, 0.5, -4.02361)

[node name="Object50cm50" parent="Objects" instance=ExtResource("9_qvhps")]
transform = Transform3D(0.965926, 0, 0.258819, 0, 1, 0, -0.258819, 0, 0.965926, 40.4695, 0.5, -4.54125)

[node name="Object50cm51" parent="Objects" instance=ExtResource("9_qvhps")]
transform = Transform3D(0.5, 0, -0.866025, 0, 1, 0, 0.866025, 0, 0.5, 32.8828, 0.5, 4.47916)

[node name="Object50cm52" parent="Objects" instance=ExtResource("9_qvhps")]
transform = Transform3D(0.5, 0, -0.866025, 0, 1, 0, 0.866025, 0, 0.5, 35.4809, 0.5, 2.97916)

[node name="Object50cm53" parent="Objects" instance=ExtResource("9_qvhps")]
transform = Transform3D(0.5, 0, -0.866025, 0, 1, 0, 0.866025, 0, 0.5, 30.9809, 0.5, -4.81506)

[node name="Object50cm54" parent="Objects" instance=ExtResource("9_qvhps")]
transform = Transform3D(0.5, 0, -0.866025, 0, 1, 0, 0.866025, 0, 0.5, 24.6508, 0.5, -5.77917)

[node name="Object50cm55" parent="Objects" instance=ExtResource("9_qvhps")]
transform = Transform3D(0.5, 0, -0.866025, 0, 1, 0, 0.866025, 0, 0.5, 28.1867, 0.5, 8.34519)

[node name="Object50cm56" parent="Objects" instance=ExtResource("9_qvhps")]
transform = Transform3D(0.5, 0, -0.866025, 0, 1, 0, 0.866025, 0, 0.5, 25.5886, 0.5, 9.84519)

[node name="Object50cm57" parent="Objects" instance=ExtResource("9_qvhps")]
transform = Transform3D(0.5, 0, -0.866025, 0, 1, 0, 0.866025, 0, 0.5, 23.5886, 0.5, 6.38109)

[node name="Object50cm58" parent="Objects" instance=ExtResource("9_qvhps")]
transform = Transform3D(0.5, 0, -0.866025, 0, 1, 0, 0.866025, 0, 0.5, 19.5886, 0.5, -0.547116)

[node name="Object25cm" parent="Objects" instance=ExtResource("10_j3jey")]
transform = Transform3D(1, 0, 0, 0, 1, 0, 0, 0, 1, 0, 0.125, -6)

[node name="Object25cm2" parent="Objects" instance=ExtResource("10_j3jey")]
transform = Transform3D(1, 0, 0, 0, 1, 0, 0, 0, 1, 3, 0.125, -6)

[node name="Object25cm3" parent="Objects" instance=ExtResource("10_j3jey")]
transform = Transform3D(1, 0, 0, 0, 1, 0, 0, 0, 1, 2, 0.125, -4)

[node name="Object25cm4" parent="Objects" instance=ExtResource("10_j3jey")]
transform = Transform3D(0.5, 0, 0.866025, 0, 1, 0, -0.866025, 0, 0.5, 0.255983, 0.125, 7.77671)

[node name="Object25cm5" parent="Objects" instance=ExtResource("10_j3jey")]
transform = Transform3D(0.5, 0, 0.866025, 0, 1, 0, -0.866025, 0, 0.5, 1.75598, 0.125, 5.17863)

[node name="Object25cm6" parent="Objects" instance=ExtResource("10_j3jey")]
transform = Transform3D(0.5, 0, 0.866025, 0, 1, 0, -0.866025, 0, 0.5, 2.98803, 0.125, 7.04466)

[node name="Object25cm7" parent="Objects" instance=ExtResource("10_j3jey")]
transform = Transform3D(-0.707107, 0, 0.707107, 0, 1, 0, -0.707107, 0, -0.707107, -4.62623, 0.125, 8.31658)

[node name="Object25cm8" parent="Objects" instance=ExtResource("10_j3jey")]
transform = Transform3D(-0.707107, 0, 0.707107, 0, 1, 0, -0.707107, 0, -0.707107, -6.74755, 0.125, 6.19526)

[node name="Object25cm9" parent="Objects" instance=ExtResource("10_j3jey")]
transform = Transform3D(-0.707107, 0, 0.707107, 0, 1, 0, -0.707107, 0, -0.707107, -4.62623, 0.125, 5.48816)

[node name="Object25cm10" parent="Objects" instance=ExtResource("10_j3jey")]
transform = Transform3D(0.258819, 0, 0.965926, 0, 1, 0, -0.965926, 0, 0.258819, -6.40865, 0.125, -3.896)

[node name="Object25cm11" parent="Objects" instance=ExtResource("10_j3jey")]
transform = Transform3D(0.258819, 0, 0.965926, 0, 1, 0, -0.965926, 0, 0.258819, -5.63219, 0.125, -6.79378)

[node name="Object25cm12" parent="Objects" instance=ExtResource("10_j3jey")]
transform = Transform3D(0.258819, 0, 0.965926, 0, 1, 0, -0.965926, 0, 0.258819, -3.95916, 0.125, -5.31022)

[node name="Object25cm13" parent="Objects" instance=ExtResource("10_j3jey")]
transform = Transform3D(0.258819, 0, 0.965926, 0, 1, 0, -0.965926, 0, 0.258819, 5.59135, 0.125, 1.104)

[node name="Object25cm14" parent="Objects" instance=ExtResource("10_j3jey")]
transform = Transform3D(0.258819, 0, 0.965926, 0, 1, 0, -0.965926, 0, 0.258819, 6.36781, 0.125, -1.79378)

[node name="Object25cm15" parent="Objects" instance=ExtResource("10_j3jey")]
transform = Transform3D(0.258819, 0, 0.965926, 0, 1, 0, -0.965926, 0, 0.258819, 8.04084, 0.125, -0.310217)

[node name="Object25cm16" parent="Objects" instance=ExtResource("10_j3jey")]
transform = Transform3D(0.258819, 0, 0.965926, 0, 1, 0, -0.965926, 0, 0.258819, 5.59135, 0.125, 9.104)

[node name="Object25cm17" parent="Objects" instance=ExtResource("10_j3jey")]
transform = Transform3D(0.258819, 0, 0.965926, 0, 1, 0, -0.965926, 0, 0.258819, 6.36781, 0.125, 6.20622)

[node name="Object25cm18" parent="Objects" instance=ExtResource("10_j3jey")]
transform = Transform3D(0.258819, 0, 0.965926, 0, 1, 0, -0.965926, 0, 0.258819, 8.04084, 0.125, 7.68978)

[node name="Object25cm19" parent="Objects" instance=ExtResource("10_j3jey")]
transform = Transform3D(1, 0, 0, 0, 1, 0, 0, 0, 1, 3, 0.125, -10)

[node name="Object25cm20" parent="Objects" instance=ExtResource("10_j3jey")]
transform = Transform3D(1, 0, 0, 0, 1, 0, 0, 0, 1, 6, 0.125, -10)

[node name="Object25cm21" parent="Objects" instance=ExtResource("10_j3jey")]
transform = Transform3D(1, 0, 0, 0, 1, 0, 0, 0, 1, 5, 0.125, -8)

[node name="Object25cm22" parent="Objects" instance=ExtResource("10_j3jey")]
transform = Transform3D(0.5, 0, 0.866025, 0, 1, 0, -0.866025, 0, 0.5, 3.25598, 0.125, 3.77671)

[node name="Object25cm23" parent="Objects" instance=ExtResource("10_j3jey")]
transform = Transform3D(0.5, 0, 0.866025, 0, 1, 0, -0.866025, 0, 0.5, 4.75598, 0.125, 1.17863)

[node name="Object25cm24" parent="Objects" instance=ExtResource("10_j3jey")]
transform = Transform3D(0.5, 0, 0.866025, 0, 1, 0, -0.866025, 0, 0.5, 5.98803, 0.125, 3.04466)

[node name="Object25cm25" parent="Objects" instance=ExtResource("10_j3jey")]
transform = Transform3D(-0.707107, 0, 0.707107, 0, 1, 0, -0.707107, 0, -0.707107, -1.62623, 0.125, 4.31658)

[node name="Object25cm26" parent="Objects" instance=ExtResource("10_j3jey")]
transform = Transform3D(-0.707107, 0, 0.707107, 0, 1, 0, -0.707107, 0, -0.707107, -3.74755, 0.125, 2.19526)

[node name="Object25cm27" parent="Objects" instance=ExtResource("10_j3jey")]
transform = Transform3D(-0.707107, 0, 0.707107, 0, 1, 0, -0.707107, 0, -0.707107, -1.62623, 0.125, 1.48816)

[node name="Object25cm28" parent="Objects" instance=ExtResource("10_j3jey")]
transform = Transform3D(0.258819, 0, 0.965926, 0, 1, 0, -0.965926, 0, 0.258819, -3.40865, 0.125, -7.896)

[node name="Object25cm29" parent="Objects" instance=ExtResource("10_j3jey")]
transform = Transform3D(0.258819, 0, 0.965926, 0, 1, 0, -0.965926, 0, 0.258819, -2.63219, 0.125, -10.7938)

[node name="Object25cm30" parent="Objects" instance=ExtResource("10_j3jey")]
transform = Transform3D(0.258819, 0, 0.965926, 0, 1, 0, -0.965926, 0, 0.258819, -0.959159, 0.125, -9.31022)

[node name="Object25cm31" parent="Objects" instance=ExtResource("10_j3jey")]
transform = Transform3D(0.258819, 0, 0.965926, 0, 1, 0, -0.965926, 0, 0.258819, 8.59135, 0.125, -2.896)

[node name="Object25cm32" parent="Objects" instance=ExtResource("10_j3jey")]
transform = Transform3D(0.258819, 0, 0.965926, 0, 1, 0, -0.965926, 0, 0.258819, 9.36781, 0.125, -5.79378)

[node name="Object25cm33" parent="Objects" instance=ExtResource("10_j3jey")]
transform = Transform3D(0.258819, 0, 0.965926, 0, 1, 0, -0.965926, 0, 0.258819, 11.0408, 0.125, -4.31022)

[node name="Object25cm34" parent="Objects" instance=ExtResource("10_j3jey")]
transform = Transform3D(0.258819, 0, 0.965926, 0, 1, 0, -0.965926, 0, 0.258819, 8.59135, 0.125, 5.104)

[node name="Object25cm35" parent="Objects" instance=ExtResource("10_j3jey")]
transform = Transform3D(0.258819, 0, 0.965926, 0, 1, 0, -0.965926, 0, 0.258819, 9.36781, 0.125, 2.20622)

[node name="Object25cm36" parent="Objects" instance=ExtResource("10_j3jey")]
transform = Transform3D(0.258819, 0, 0.965926, 0, 1, 0, -0.965926, 0, 0.258819, 11.0408, 0.125, 3.68978)

[node name="Object25cm37" parent="Objects" instance=ExtResource("10_j3jey")]
transform = Transform3D(0.866025, 0, -0.5, 0, 1, 0, 0.5, 0, 0.866025, 0.16827, 0.125, -6.49081)

[node name="Object25cm38" parent="Objects" instance=ExtResource("10_j3jey")]
transform = Transform3D(0.866025, 0, -0.5, 0, 1, 0, 0.5, 0, 0.866025, 2.76635, 0.125, -4.99081)

[node name="Object25cm39" parent="Objects" instance=ExtResource("10_j3jey")]
transform = Transform3D(0.866025, 0, -0.5, 0, 1, 0, 0.5, 0, 0.866025, 0.900321, 0.125, -3.75876)

[node name="Object25cm40" parent="Objects" instance=ExtResource("10_j3jey")]
transform = Transform3D(0.866025, 0, 0.5, 0, 1, 0, -0.5, 0, 0.866025, -6.4984, 0.125, 5.56816)

[node name="Object25cm41" parent="Objects" instance=ExtResource("10_j3jey")]
transform = Transform3D(0.866025, 0, 0.5, 0, 1, 0, -0.5, 0, 0.866025, -3.90032, 0.125, 4.06816)

[node name="Object25cm42" parent="Objects" instance=ExtResource("10_j3jey")]
transform = Transform3D(0.866025, 0, 0.5, 0, 1, 0, -0.5, 0, 0.866025, -3.76635, 0.125, 6.30021)

[node name="Object25cm43" parent="Objects" instance=ExtResource("10_j3jey")]
transform = Transform3D(-0.258819, 0, 0.965926, 0, 1, 0, -0.965926, 0, -0.258819, -10.9965, 0.125, 3.5946)

[node name="Object25cm44" parent="Objects" instance=ExtResource("10_j3jey")]
transform = Transform3D(-0.258819, 0, 0.965926, 0, 1, 0, -0.965926, 0, -0.258819, -11.7729, 0.125, 0.696822)

[node name="Object25cm45" parent="Objects" instance=ExtResource("10_j3jey")]
transform = Transform3D(-0.258819, 0, 0.965926, 0, 1, 0, -0.965926, 0, -0.258819, -9.58224, 0.125, 1.14511)

[node name="Object25cm46" parent="Objects" instance=ExtResource("10_j3jey")]
transform = Transform3D(0.707107, 0, 0.707107, 0, 1, 0, -0.707107, 0, 0.707107, -6.43378, 0.125, -7.87302)

[node name="Object25cm47" parent="Objects" instance=ExtResource("10_j3jey")]
transform = Transform3D(0.707107, 0, 0.707107, 0, 1, 0, -0.707107, 0, 0.707107, -4.31246, 0.125, -9.99434)

[node name="Object25cm48" parent="Objects" instance=ExtResource("10_j3jey")]
transform = Transform3D(0.707107, 0, 0.707107, 0, 1, 0, -0.707107, 0, 0.707107, -3.60535, 0.125, -7.87302)

[node name="Object25cm49" parent="Objects" instance=ExtResource("10_j3jey")]
transform = Transform3D(0.707107, 0, 0.707107, 0, 1, 0, -0.707107, 0, 0.707107, 1.45852, 0.125, 2.45711)

[node name="Object25cm50" parent="Objects" instance=ExtResource("10_j3jey")]
transform = Transform3D(0.707107, 0, 0.707107, 0, 1, 0, -0.707107, 0, 0.707107, 3.57984, 0.125, 0.335786)

[node name="Object25cm51" parent="Objects" instance=ExtResource("10_j3jey")]
transform = Transform3D(0.707107, 0, 0.707107, 0, 1, 0, -0.707107, 0, 0.707107, 4.28695, 0.125, 2.45711)

[node name="Object25cm52" parent="Objects" instance=ExtResource("10_j3jey")]
transform = Transform3D(0.707107, 0, 0.707107, 0, 1, 0, -0.707107, 0, 0.707107, -2.54148, 0.125, 9.38531)

[node name="Object25cm53" parent="Objects" instance=ExtResource("10_j3jey")]
transform = Transform3D(0.707107, 0, 0.707107, 0, 1, 0, -0.707107, 0, 0.707107, -0.420156, 0.125, 7.26399)

[node name="Object25cm54" parent="Objects" instance=ExtResource("10_j3jey")]
transform = Transform3D(0.707107, 0, 0.707107, 0, 1, 0, -0.707107, 0, 0.707107, 0.28695, 0.125, 9.38531)

[node name="Object25cm55" parent="Objects" instance=ExtResource("10_j3jey")]
transform = Transform3D(0.866025, 0, -0.5, 0, 1, 0, 0.5, 0, 0.866025, 4.76635, 0.125, -8.45491)

[node name="Object25cm56" parent="Objects" instance=ExtResource("10_j3jey")]
transform = Transform3D(0.866025, 0, -0.5, 0, 1, 0, 0.5, 0, 0.866025, 7.36442, 0.125, -6.95491)

[node name="Object25cm57" parent="Objects" instance=ExtResource("10_j3jey")]
transform = Transform3D(0.866025, 0, -0.5, 0, 1, 0, 0.5, 0, 0.866025, 5.4984, 0.125, -5.72286)

[node name="Object25cm58" parent="Objects" instance=ExtResource("10_j3jey")]
transform = Transform3D(0.866025, 0, 0.5, 0, 1, 0, -0.5, 0, 0.866025, -1.90032, 0.125, 3.60406)

[node name="Object25cm59" parent="Objects" instance=ExtResource("10_j3jey")]
transform = Transform3D(0.866025, 0, 0.5, 0, 1, 0, -0.5, 0, 0.866025, 0.697756, 0.125, 2.10406)

[node name="Object25cm60" parent="Objects" instance=ExtResource("10_j3jey")]
transform = Transform3D(0.866025, 0, 0.5, 0, 1, 0, -0.5, 0, 0.866025, 0.83173, 0.125, 4.33611)

[node name="Object25cm61" parent="Objects" instance=ExtResource("10_j3jey")]
transform = Transform3D(-0.258819, 0, 0.965926, 0, 1, 0, -0.965926, 0, -0.258819, -6.39837, 0.125, 1.6305)

[node name="Object25cm62" parent="Objects" instance=ExtResource("10_j3jey")]
transform = Transform3D(-0.258819, 0, 0.965926, 0, 1, 0, -0.965926, 0, -0.258819, -7.17483, 0.125, -1.26728)

[node name="Object25cm63" parent="Objects" instance=ExtResource("10_j3jey")]
transform = Transform3D(-0.258819, 0, 0.965926, 0, 1, 0, -0.965926, 0, -0.258819, -4.98416, 0.125, -0.818991)

[node name="Object25cm64" parent="Objects" instance=ExtResource("10_j3jey")]
transform = Transform3D(0.707107, 0, 0.707107, 0, 1, 0, -0.707107, 0, 0.707107, -1.83571, 0.125, -9.83712)

[node name="Object25cm65" parent="Objects" instance=ExtResource("10_j3jey")]
transform = Transform3D(0.707107, 0, 0.707107, 0, 1, 0, -0.707107, 0, 0.707107, 0.285616, 0.125, -11.9584)

[node name="Object25cm66" parent="Objects" instance=ExtResource("10_j3jey")]
transform = Transform3D(0.707107, 0, 0.707107, 0, 1, 0, -0.707107, 0, 0.707107, 0.992722, 0.125, -9.83712)

[node name="Object25cm67" parent="Objects" instance=ExtResource("10_j3jey")]
transform = Transform3D(0.707107, 0, 0.707107, 0, 1, 0, -0.707107, 0, 0.707107, 6.0566, 0.125, 0.493005)

[node name="Object25cm68" parent="Objects" instance=ExtResource("10_j3jey")]
transform = Transform3D(0.707107, 0, 0.707107, 0, 1, 0, -0.707107, 0, 0.707107, 8.17792, 0.125, -1.62832)

[node name="Object25cm69" parent="Objects" instance=ExtResource("10_j3jey")]
transform = Transform3D(0.707107, 0, 0.707107, 0, 1, 0, -0.707107, 0, 0.707107, 8.88503, 0.125, 0.493005)

[node name="Object25cm70" parent="Objects" instance=ExtResource("10_j3jey")]
transform = Transform3D(0.707107, 0, 0.707107, 0, 1, 0, -0.707107, 0, 0.707107, 2.0566, 0.125, 7.42121)

[node name="Object25cm71" parent="Objects" instance=ExtResource("10_j3jey")]
transform = Transform3D(0.707107, 0, 0.707107, 0, 1, 0, -0.707107, 0, 0.707107, 4.17792, 0.125, 5.29989)

[node name="Object25cm72" parent="Objects" instance=ExtResource("10_j3jey")]
transform = Transform3D(0.707107, 0, 0.707107, 0, 1, 0, -0.707107, 0, 0.707107, 4.88503, 0.125, 7.42121)

[node name="Object25cm73" parent="Objects" instance=ExtResource("10_j3jey")]
transform = Transform3D(0.258819, 0, -0.965926, 0, 1, 0, 0.965926, 0, 0.258819, 8.32653, 0.125, -0.214789)

[node name="Object25cm74" parent="Objects" instance=ExtResource("10_j3jey")]
transform = Transform3D(0.258819, 0, -0.965926, 0, 1, 0, 0.965926, 0, 0.258819, 9.10299, 0.125, 2.68299)

[node name="Object25cm75" parent="Objects" instance=ExtResource("10_j3jey")]
transform = Transform3D(0.258819, 0, -0.965926, 0, 1, 0, 0.965926, 0, 0.258819, 6.91232, 0.125, 2.2347)

[node name="Object25cm76" parent="Objects" instance=ExtResource("10_j3jey")]
transform = Transform3D(0.965926, 0, -0.258819, 0, 1, 0, 0.258819, 0, 0.965926, -4.91449, 0.125, 3.59815)

[node name="Object25cm77" parent="Objects" instance=ExtResource("10_j3jey")]
transform = Transform3D(0.965926, 0, -0.258819, 0, 1, 0, 0.258819, 0, 0.965926, -2.01672, 0.125, 4.3746)

[node name="Object25cm78" parent="Objects" instance=ExtResource("10_j3jey")]
transform = Transform3D(0.965926, 0, -0.258819, 0, 1, 0, 0.258819, 0, 0.965926, -3.50028, 0.125, 6.04764)

[node name="Object25cm79" parent="Objects" instance=ExtResource("10_j3jey")]
transform = Transform3D(0.5, 0, 0.866025, 0, 1, 0, -0.866025, 0, 0.5, -6.69958, 0.125, -0.977975)

[node name="Object25cm80" parent="Objects" instance=ExtResource("10_j3jey")]
transform = Transform3D(0.5, 0, 0.866025, 0, 1, 0, -0.866025, 0, 0.5, -5.19958, 0.125, -3.57605)

[node name="Object25cm81" parent="Objects" instance=ExtResource("10_j3jey")]
transform = Transform3D(0.5, 0, 0.866025, 0, 1, 0, -0.866025, 0, 0.5, -3.96753, 0.125, -1.71003)

[node name="Object25cm82" parent="Objects" instance=ExtResource("10_j3jey")]
transform = Transform3D(1, 0, -2.98023e-08, 0, 1, 0, 2.98023e-08, 0, 1, 4.63555, 0.125, -5.86051)

[node name="Object25cm83" parent="Objects" instance=ExtResource("10_j3jey")]
transform = Transform3D(1, 0, -2.98023e-08, 0, 1, 0, 2.98023e-08, 0, 1, 7.63555, 0.125, -5.86051)

[node name="Object25cm84" parent="Objects" instance=ExtResource("10_j3jey")]
transform = Transform3D(1, 0, -2.98023e-08, 0, 1, 0, 2.98023e-08, 0, 1, 6.63555, 0.125, -3.86051)

[node name="Object25cm85" parent="Objects" instance=ExtResource("10_j3jey")]
transform = Transform3D(1, 0, -2.98023e-08, 0, 1, 0, 2.98023e-08, 0, 1, 2.91175, 0.125, 7.02469)

[node name="Object25cm86" parent="Objects" instance=ExtResource("10_j3jey")]
transform = Transform3D(1, 0, -2.98023e-08, 0, 1, 0, 2.98023e-08, 0, 1, 5.91175, 0.125, 7.02469)

[node name="Object25cm87" parent="Objects" instance=ExtResource("10_j3jey")]
transform = Transform3D(1, 0, -2.98023e-08, 0, 1, 0, 2.98023e-08, 0, 1, 4.91175, 0.125, 9.02469)

[node name="Object25cm88" parent="Objects" instance=ExtResource("10_j3jey")]
transform = Transform3D(1, 0, -2.98023e-08, 0, 1, 0, 2.98023e-08, 0, 1, -4.81566, 0.125, 9.09524)

[node name="Object25cm89" parent="Objects" instance=ExtResource("10_j3jey")]
transform = Transform3D(1, 0, -2.98023e-08, 0, 1, 0, 2.98023e-08, 0, 1, -1.81566, 0.125, 9.09524)

[node name="Object25cm90" parent="Objects" instance=ExtResource("10_j3jey")]
transform = Transform3D(1, 0, -2.98023e-08, 0, 1, 0, 2.98023e-08, 0, 1, -2.81566, 0.125, 11.0952)

[node name="Object25cm91" parent="Objects" instance=ExtResource("10_j3jey")]
transform = Transform3D(0.258819, 0, -0.965926, 0, 1, 0, 0.965926, 0, 0.258819, 12.9667, 0.125, 1.64771)

[node name="Object25cm92" parent="Objects" instance=ExtResource("10_j3jey")]
transform = Transform3D(0.258819, 0, -0.965926, 0, 1, 0, 0.965926, 0, 0.258819, 13.7431, 0.125, 4.54549)

[node name="Object25cm93" parent="Objects" instance=ExtResource("10_j3jey")]
transform = Transform3D(0.258819, 0, -0.965926, 0, 1, 0, 0.965926, 0, 0.258819, 11.5525, 0.125, 4.0972)

[node name="Object25cm94" parent="Objects" instance=ExtResource("10_j3jey")]
transform = Transform3D(0.965926, 0, -0.258819, 0, 1, 0, 0.258819, 0, 0.965926, -0.274333, 0.125, 5.46065)

[node name="Object25cm95" parent="Objects" instance=ExtResource("10_j3jey")]
transform = Transform3D(0.965926, 0, -0.258819, 0, 1, 0, 0.258819, 0, 0.965926, 2.62344, 0.125, 6.2371)

[node name="Object25cm96" parent="Objects" instance=ExtResource("10_j3jey")]
transform = Transform3D(0.965926, 0, -0.258819, 0, 1, 0, 0.258819, 0, 0.965926, 1.13988, 0.125, 7.91014)

[node name="Object25cm97" parent="Objects" instance=ExtResource("10_j3jey")]
transform = Transform3D(0.5, 0, 0.866025, 0, 1, 0, -0.866025, 0, 0.5, -2.05942, 0.125, 0.884524)

[node name="Object25cm98" parent="Objects" instance=ExtResource("10_j3jey")]
transform = Transform3D(0.5, 0, 0.866025, 0, 1, 0, -0.866025, 0, 0.5, -0.559419, 0.125, -1.71355)

[node name="Object25cm99" parent="Objects" instance=ExtResource("10_j3jey")]
transform = Transform3D(0.5, 0, 0.866025, 0, 1, 0, -0.866025, 0, 0.5, 0.672632, 0.125, 0.152474)

[node name="Object25cm100" parent="Objects" instance=ExtResource("10_j3jey")]
transform = Transform3D(1, 0, -2.98023e-08, 0, 1, 0, 2.98023e-08, 0, 1, 9.27571, 0.125, -3.99801)

[node name="Object25cm101" parent="Objects" instance=ExtResource("10_j3jey")]
transform = Transform3D(1, 0, -2.98023e-08, 0, 1, 0, 2.98023e-08, 0, 1, 12.2757, 0.125, -3.99801)

[node name="Object25cm102" parent="Objects" instance=ExtResource("10_j3jey")]
transform = Transform3D(1, 0, -2.98023e-08, 0, 1, 0, 2.98023e-08, 0, 1, 11.2757, 0.125, -1.99801)

[node name="Object25cm103" parent="Objects" instance=ExtResource("10_j3jey")]
transform = Transform3D(1, 0, -2.98023e-08, 0, 1, 0, 2.98023e-08, 0, 1, 7.55191, 0.125, 8.88719)

[node name="Object25cm104" parent="Objects" instance=ExtResource("10_j3jey")]
transform = Transform3D(1, 0, -2.98023e-08, 0, 1, 0, 2.98023e-08, 0, 1, 10.5519, 0.125, 8.88719)

[node name="Object25cm105" parent="Objects" instance=ExtResource("10_j3jey")]
transform = Transform3D(1, 0, -2.98023e-08, 0, 1, 0, 2.98023e-08, 0, 1, 9.55191, 0.125, 10.8872)

[node name="Object25cm106" parent="Objects" instance=ExtResource("10_j3jey")]
transform = Transform3D(1, 0, -2.98023e-08, 0, 1, 0, 2.98023e-08, 0, 1, -0.175499, 0.125, 10.9577)

[node name="Object25cm107" parent="Objects" instance=ExtResource("10_j3jey")]
transform = Transform3D(1, 0, -2.98023e-08, 0, 1, 0, 2.98023e-08, 0, 1, 2.8245, 0.125, 10.9577)

[node name="Object25cm108" parent="Objects" instance=ExtResource("10_j3jey")]
transform = Transform3D(1, 0, -2.98023e-08, 0, 1, 0, 2.98023e-08, 0, 1, 1.8245, 0.125, 12.9577)
